6.400739282632543770e-01
6.417630646854379783e-01
6.444536040219809303e-01
6.453937587431015643e-01
6.478240737549761930e-01
6.488381580888336053e-01
6.494120054835494926e-01
6.508350833116609557e-01
6.530021967910879521e-01
6.544905112531631541e-01
6.547253442556111303e-01
6.552407023422216481e-01
6.558670531535354398e-01
6.573590181613343519e-01
6.592404776846043646e-01
6.603146589232533614e-01
6.622742278538358285e-01
6.633732390784433663e-01
6.659918226421319698e-01
6.660411522806092277e-01
6.661069787321536317e-01
6.672166248749867856e-01
6.673790158864322253e-01
6.713838729735251976e-01
6.718476177582857201e-01
6.727348991622853491e-01
6.736382944115969496e-01
6.737003630588952463e-01
6.760979573786892738e-01
6.761200550939727716e-01
6.770016172455671777e-01
6.780126466666399621e-01
6.787861743676275594e-01
6.798593565232111668e-01
6.810536960360122904e-01
6.813526697095895202e-01
6.839655046387770332e-01
6.840322476655293915e-01
6.841881544653100056e-01
6.848735203333509158e-01
6.853209981084206204e-01
6.854486991100844362e-01
6.871342666972088953e-01
6.878643701014829359e-01
6.882346555291503076e-01
6.936627103361325819e-01
6.951950632627472704e-01
6.963973169273565134e-01
6.985530336069999402e-01
6.997594217105167491e-01
7.009947696651112059e-01
7.011804941860106943e-01
7.015555591920579204e-01
7.027755505347021980e-01
7.030127287272439629e-01
7.032245023018443009e-01
7.036876747077760452e-01
7.038376538678809968e-01
7.039655041193629836e-01
7.057030067326632850e-01
7.057667605087019069e-01
7.059906436456202528e-01
7.072982412561454879e-01
7.078230864874918149e-01
7.093404617982764782e-01
7.093667347193294281e-01
7.107550397405372200e-01
7.117422936920289045e-01
7.124571470360756553e-01
7.129601803813294669e-01
7.131974187470351279e-01
7.133526867750223932e-01
7.135143130786021359e-01
7.137846428055804049e-01
7.145613718366212730e-01
7.147786419357746723e-01
7.148425557867157387e-01
7.167962611029010667e-01
7.170308193816454789e-01
7.170916469841712715e-01
7.172045479033797299e-01
7.178931235111023490e-01
7.191954957115112013e-01
7.199668970981993876e-01
7.207806363552559104e-01
7.212155496140095767e-01
7.220461690979681491e-01
7.242482416676467860e-01
7.263947621540939314e-01
7.272235386706286109e-01
7.290411654306724332e-01
7.292822819411498569e-01
7.304946662009181857e-01
7.306066398640175263e-01
7.306382665243246199e-01
7.310620645398666628e-01
7.312130207105862478e-01
7.314668245839325289e-01
7.315105756290741779e-01
7.316160151222623753e-01
7.316189382470443814e-01
7.347356567574113706e-01
7.349113420391759632e-01
7.351135334506333496e-01
7.358799471914438950e-01
7.367864648097640634e-01
7.372871861690840634e-01
7.379925511216975931e-01
7.382339722228682399e-01
7.392849098023454024e-01
7.393211654027530555e-01
7.395409435794091380e-01
7.415364941250188746e-01
7.421840661940968253e-01
7.423583864955051181e-01
7.425056772421814166e-01
7.429009084840256794e-01
7.429553768098039468e-01
7.433642541050204944e-01
7.456752106860089491e-01
7.459807943120264628e-01
7.466648343468759164e-01
7.483655765637222679e-01
7.496664193987947478e-01
7.507110557178897636e-01
7.509624594829023003e-01
7.515897352614890892e-01
7.523075492963779975e-01
7.524082247491329367e-01
7.540277241660711116e-01
7.547279827891896220e-01
7.553036558500042519e-01
7.554789991388654036e-01
7.555166280063335682e-01
7.562674556685911043e-01
7.564261044396791700e-01
7.576958132883444552e-01
7.581339234203167132e-01
7.586632650511784259e-01
7.606686704607845684e-01
7.608009994574678192e-01
7.608117705101726802e-01
7.613815211602074084e-01
7.620049818952143728e-01
7.643237340855015827e-01
7.667465441954420813e-01
7.670194245271391154e-01
7.700642868966095511e-01
7.700848189155872214e-01
7.701747115057222537e-01
7.709173599209862004e-01
7.719564332459859513e-01
7.731272978887013814e-01
7.739218208063119997e-01
7.740517248766788372e-01
7.742577957861322968e-01
7.744725138453227853e-01
7.748449750443140438e-01
7.754768736901863635e-01
7.761838900728159629e-01
7.765121606040144009e-01
7.767987464198704561e-01
7.797663411226436470e-01
7.807944122800625220e-01
7.809178503032416785e-01
7.819208640154592382e-01
7.819527259597315316e-01
7.820826387486762288e-01
7.861824144765020561e-01
7.869554905051723281e-01
7.883319183243975292e-01
7.884594135393800940e-01
7.890051106007175408e-01
7.891187342495347146e-01
7.897383581744188419e-01
7.903723883373290349e-01
7.913215947147048679e-01
7.914180510090914611e-01
7.923005549093209421e-01
7.924246947887590986e-01
7.953451110571656546e-01
7.954670643139001296e-01
7.959827735130946547e-01
7.964679724906820191e-01
7.986556133916634659e-01
7.992451441137231605e-01
7.994313177626554134e-01
8.002228958148909221e-01
8.007115198442286141e-01
8.007194281537548530e-01
8.046392924528429358e-01
8.061886515672127551e-01
8.067698951494121085e-01
8.070156534309033125e-01
8.077278864178197848e-01
8.085641162072911836e-01
8.099307562272842764e-01
