6.797019083589822541e-02
9.169158718900602412e-02
1.012798269629625464e-01
1.047252815210786281e-01
1.203894521995566014e-01
1.207365810250247695e-01
1.231918440781441526e-01
1.279031707129601736e-01
1.299665967707419045e-01
1.372248636052894322e-01
1.446098714298406918e-01
1.596169683972261666e-01
1.622899515180506180e-01
1.754378730431438993e-01
1.762803040524608955e-01
1.832732419947794844e-01
1.841097312305444156e-01
1.847127242399479452e-01
1.850010413226393369e-01
1.861799313487734475e-01
1.901528965513637759e-01
2.009417049753328688e-01
2.130741714209216098e-01
2.131736861475173050e-01
2.239845862604019910e-01
2.268283089650257600e-01
2.347772138388297403e-01
2.354664010331929958e-01
2.361625984006098522e-01
2.482075357478953914e-01
2.482897312543388968e-01
2.505969216263677080e-01
2.525550904166135036e-01
2.557740881184313864e-01
2.633408494728076144e-01
2.644781232402159121e-01
2.734643883159765254e-01
2.750362644634924414e-01
2.771953962139123706e-01
2.797068441824720475e-01
2.801914407925383821e-01
2.806319871220413487e-01
2.837403321334294182e-01
2.892341230937638397e-01
2.940549390283203057e-01
2.940973236329857965e-01
2.962905251058094436e-01
2.974538842453152698e-01
2.987923753745531652e-01
2.989601454175413453e-01
2.996005176931206826e-01
3.066003324487785453e-01
3.067293394795574946e-01
3.068569291773607377e-01
3.095162360638193944e-01
3.110843138265719232e-01
3.114395259479359468e-01
3.136014994782905241e-01
3.141747617901261003e-01
3.170938287987828952e-01
3.172291601570386699e-01
3.185956596851581279e-01
3.213631862248166882e-01
3.217318977480346232e-01
3.236595577987464445e-01
3.251155747966499865e-01
3.253334666345915061e-01
3.257053793930443364e-01
3.267995168538475603e-01
3.268918931712115339e-01
3.301601095230128902e-01
3.313969890880508751e-01
3.329890027789629836e-01
3.364352668393562618e-01
3.387113365947817534e-01
3.417630030542473385e-01
3.454844267563996763e-01
3.458072258775619634e-01
3.500638136634685038e-01
3.524718324346510223e-01
3.543022375963995607e-01
3.546306467598024925e-01
3.560976634594704149e-01
3.649206797829558369e-01
3.654576155152330363e-01
3.723721893820493012e-01
3.731621629374498594e-01
3.850295801733031875e-01
3.877956437580267202e-01
3.891086114645848637e-01
3.892104105592152918e-01
3.912362828223139299e-01
3.940736508077145039e-01
3.941134221409458016e-01
3.943552379547129449e-01
3.965313096303695883e-01
3.982078249999919661e-01
3.992182190560681909e-01
4.002895997688370455e-01
4.023441146045865224e-01
4.026363889444209976e-01
4.035475359863692768e-01
4.054929994985825847e-01
4.071371014017933776e-01
4.083942051935617878e-01
4.093429846181566023e-01
4.105573401366552355e-01
4.108018847573847721e-01
4.135660397726159121e-01
4.138347874201632193e-01
4.190945291489541757e-01
4.225541502571777963e-01
4.231666784720004570e-01
4.243963629321371167e-01
4.253613083718371657e-01
4.256396050911866458e-01
4.275264746672961524e-01
4.279968672909072458e-01
4.304952280543118404e-01
4.351902213975712419e-01
4.352977266925253663e-01
4.372379090835512017e-01
4.440697963990595243e-01
4.456730004274954693e-01
4.457538212617099260e-01
4.486762604382019681e-01
4.510207748591734678e-01
4.520783020816822040e-01
4.537270938028469258e-01
4.563103513598172345e-01
4.589721323318768365e-01
4.589834411440381068e-01
4.591112276096618317e-01
4.591177421092493827e-01
4.612028623528957039e-01
4.615595327358348876e-01
4.629639184901598314e-01
4.645297333311352306e-01
4.648354589479123944e-01
4.657199308616388200e-01
4.665633842581456969e-01
4.686960689514822476e-01
4.691463920009506516e-01
4.695719259247059796e-01
4.696423556634611307e-01
4.728662246566368577e-01
4.730789094175120724e-01
4.737548886374590706e-01
4.771667313369677421e-01
4.781435918475701041e-01
4.788989155727271241e-01
4.822717871942491241e-01
4.845430208201139122e-01
4.858684093316175678e-01
4.901295521125645926e-01
4.922441726481971425e-01
4.926730331673589425e-01
4.942180744693207561e-01
4.951996269731073763e-01
4.953188869170992437e-01
4.990205679221931812e-01
5.006722384099706602e-01
5.022358938482189838e-01
5.026170200874465754e-01
5.055789029452510963e-01
5.062292301686687201e-01
5.078429851567648479e-01
5.117619836587529170e-01
5.144990089118482990e-01
5.148934970533011191e-01
5.156540104393143586e-01
5.163642445881466703e-01
5.169022333495206789e-01
5.170545029463250453e-01
5.174734722325213809e-01
5.206125868708961768e-01
5.215782106362212289e-01
5.221219172622806326e-01
5.224620366942698269e-01
5.227135329888490389e-01
5.246492056228101442e-01
5.274181811904794515e-01
5.283895950097959870e-01
5.285378298752848591e-01
5.290830819854405176e-01
5.328450044417276654e-01
5.370541549301600659e-01
5.381195811354795300e-01
5.402595815902991871e-01
5.415295338340625486e-01
5.426011601560354336e-01
5.451298270230074960e-01
5.453846408587104122e-01
5.455376449811399908e-01
5.510585206720833851e-01
5.520263117213124460e-01
5.531023814353216439e-01
5.537710528449124592e-01
5.540033926408969300e-01
5.547596585539628089e-01
5.560524012426494300e-01
5.566250925853436504e-01
5.568070143688609308e-01
5.608046349990123414e-01
5.608634910757491765e-01
5.622604515687728011e-01
5.631957311556857748e-01
5.637375336564087736e-01
5.648735776947806375e-01
5.651770005402280139e-01
5.674013641799389163e-01
5.707228123825321964e-01
5.729676159719039319e-01
5.732992742362033045e-01
5.734863776146856829e-01
5.743137009398038284e-01
5.759532307315993194e-01
5.801058765434868869e-01
5.836732618348901003e-01
5.858579769690424044e-01
5.897821756915012648e-01
5.907762458827712226e-01
5.926564959135725008e-01
5.945382744037501777e-01
5.969313083158087618e-01
6.007859492432379156e-01
6.012054576108929460e-01
6.018809743019227776e-01
6.033886012553285605e-01
6.039768349487131260e-01
6.055636775255123228e-01
6.063110635320040354e-01
6.075229645222834929e-01
6.119307685550761100e-01
6.127934047078883451e-01
6.131630166563166728e-01
6.134481344347070264e-01
6.136978055524028308e-01
6.150259537063705872e-01
6.161426045268483254e-01
6.167808826576058889e-01
6.173888863023737628e-01
6.206358696444049805e-01
6.211976517342195914e-01
6.235219366630957438e-01
6.240610958850204559e-01
6.243292806177964671e-01
6.288344060300861127e-01
6.294440868984705340e-01
6.307534863326229591e-01
6.316288397333410520e-01
6.321399482976561846e-01
6.335804494437320411e-01
6.342177487966722538e-01
6.347994852076198624e-01
6.355605432024864498e-01
6.362152699432739311e-01
