3.269941894823014672e-01
3.373938971695778499e-01
3.480392207586932019e-01
3.706750394768512091e-01
3.715318463943391158e-01
4.209699415371625508e-01
4.577730798428297221e-01
4.797673048078420210e-01
5.203581880993634057e-01
5.243815708878200033e-01
5.286781799443246443e-01
5.441305351642033994e-01
5.623112306511101055e-01
5.671529322120992811e-01
5.786945350707781710e-01
5.954551320624539290e-01
6.077532865296209064e-01
6.267103930494264397e-01
6.419993969094164310e-01
6.546135487134729924e-01
6.581727652668325490e-01
6.619520157687054374e-01
