4.574508961340322671e-02
4.932408181281730530e-02
9.819986054913253104e-02
9.295347559542846416e-02
8.783496626182446532e-02
6.463937082746985807e-02
8.260090441895316660e-02
6.959414819473051794e-02
9.748748727819757376e-02
7.862201047729067138e-02
7.850937823440620744e-02
1.304768529666401437e-02
9.848632783105178146e-02
5.694801593990483218e-02
8.296609201663082689e-02
1.691715311883612571e-02
6.669735375465998817e-02
4.508596543743714075e-02
2.109703872448076556e-02
7.865506957148232781e-02
8.730403036629623414e-02
2.711694555576270663e-02
1.562842606544346744e-02
6.258963890361483873e-02
4.523977560646604001e-02
1.562457993714838666e-03
9.783059548590317123e-02
3.636470327035735972e-02
2.027059294398641034e-02
6.019016991072611428e-02
6.277604196523821345e-02
1.439293855476158138e-02
7.853612701517684314e-02
6.002157957952687639e-02
6.880014244793500322e-02
9.217733985769469007e-02
3.308662652600716930e-02
4.442022003017640636e-02
1.558697978264004386e-02
4.934578933631855735e-02
7.037062577149287568e-02
2.805075108092585159e-02
3.655754362884603564e-02
9.231751775262124482e-02
2.285184875504022925e-02
8.427624051196551391e-02
5.194158433896826216e-02
9.853377932581058873e-02
1.330214534312688240e-02
5.231981877188930652e-02
7.392844914214423413e-02
6.254478918491662709e-02
1.350020785909437221e-02
5.246878794021069686e-02
5.680010905719545811e-02
5.467169377478234282e-02
9.318378843407487677e-02
6.863048735138667367e-02
4.271101713320442361e-02
8.929225261067377795e-02
7.962018493548045361e-02
2.587283366386166142e-02
7.480199938276804739e-02
4.806952219667590120e-02
6.893502406897003554e-02
4.642483473727976724e-05
7.442383502532073924e-02
3.174055763240973133e-02
9.991911776358343086e-03
1.380847368565418787e-03
7.908796741195306401e-02
2.750685024643993032e-02
1.342919719097599579e-02
4.663251207388841024e-02
5.288515216380266365e-02
8.984093903279555260e-02
6.950836494191085790e-02
3.814041873725394771e-02
6.366219213871138205e-02
3.162226058251641631e-02
2.410723178695350910e-02
3.451943364962817284e-02
4.687090752699740737e-02
4.108907090729555650e-02
3.397536508745570977e-02
5.947185672806637458e-02
1.025192911559458242e-02
2.992382598981577907e-02
4.037719002486317953e-03
3.871792350163756613e-02
3.032026920282036159e-02
7.217809116513544676e-02
3.999968868989652038e-02
4.841942598698465577e-02
9.120470878462827100e-03
6.722178439520884452e-02
2.840443715239928876e-02
9.225950481659772953e-03
2.684889373329001419e-02
7.161331418931597692e-02
7.376352962081333953e-02
6.812404516275757937e-02
7.442572781839332241e-02
4.093317615136771170e-02
6.048834794659581349e-02
1.670455262890701079e-02
3.563328390141253660e-02
3.960133215576031734e-02
7.929070803876107909e-02
5.043608312753072170e-02
6.736572478115966656e-02
4.913364190488620636e-02
7.630515268622706584e-03
6.326145119470691358e-02
9.226003519044978854e-03
4.168504122212954993e-02
9.177638928087401837e-02
5.339726929983393960e-02
8.644029001504326126e-02
8.931876718332737441e-02
5.101697607322187855e-02
9.552790833499903017e-03
4.195646186737838484e-02
9.779058936578546857e-02
7.936472372421131405e-02
1.467697950086497422e-02
4.657017087443394987e-02
8.473949871692688929e-02
9.224775136455024005e-02
9.505623818649938661e-02
1.434690496246250439e-02
8.829753537322275470e-02
8.825969325265074772e-02
2.487335834617888930e-02
8.478120223903953812e-02
3.379477347398359560e-02
4.018308002428927495e-02
1.744477599402560926e-03
7.424340482144918540e-02
8.265385092821747604e-02
9.559046379550288630e-02
9.801955724871475040e-02
7.831606767681453807e-02
8.436859031922283592e-02
6.608702446971657929e-02
7.797914432486814651e-02
6.245844338527260092e-02
3.778344477607798249e-03
4.311145337576249674e-03
9.610498125129851577e-02
5.343329848891924944e-02
4.863143122899952348e-02
3.685731155141119819e-02
5.950652655270937536e-02
8.858141737031732799e-02
9.289778109023011377e-02
9.840647544431556371e-02
4.116727619504970820e-02
3.800192066867992546e-02
5.378272147902699724e-02
7.855952562664174355e-02
7.242971022543667758e-02
8.050731143864687731e-03
9.282978640860850561e-02
6.509715622625687759e-02
2.408308870798550258e-02
8.423209037684920020e-02
4.529757143086874521e-02
5.106214272778449026e-02
5.363221070216255687e-02
4.103197305867215677e-02
8.090440424636891059e-02
5.294002865782122813e-02
6.226327496173944542e-02
8.403820596597509629e-02
3.117278411359369894e-02
4.306288333252308864e-02
7.329723347048355993e-03
1.311224649169227124e-02
3.447930578133517887e-02
4.103764142998672648e-02
9.996646881452809705e-03
3.360194344803280053e-02
4.120008476056472718e-02
4.255653287313481553e-02
6.406741845740654417e-02
7.082497893034582492e-02
9.400011639507133143e-02
3.588125630311774644e-02
2.901441653847466537e-02
8.207373571590929895e-02
3.666197040686508535e-02
8.907564959584024847e-03
8.560665478132500894e-02
5.222006800177132757e-02
2.451005681710184680e-02
2.965644328219116041e-02
6.474247611971360727e-02
6.511061066278747700e-02
4.171152710650524731e-02
2.955497807400749716e-02
8.255812766552017568e-02
8.591330390570897646e-02
9.688565581376049063e-02
1.092867361084413902e-01
1.143941994902050868e-01
1.304839811986713838e-01
1.502017609440604029e-01
1.759047636229806866e-01
1.888256967248518325e-01
1.924758375175549818e-01
1.946143625476998151e-01
1.982933211351714242e-01
1.989194014255277754e-01
2.015623383137186697e-01
2.122184987807272105e-01
2.173261135562205293e-01
2.187617734266692204e-01
2.249589705564194464e-01
2.272046165258787553e-01
2.419911724483688187e-01
2.439235615957207615e-01
2.444836660729466926e-01
2.491533562726997719e-01
2.542847293978776624e-01
2.551960391265389316e-01
2.556099524351161945e-01
2.586114227699981005e-01
2.596824664945949768e-01
2.752371755599050673e-01
2.774849242892862833e-01
2.775719596663138722e-01
2.879564259778489843e-01
3.069174774250474913e-01
3.163850936836687389e-01
3.253938116728095631e-01
3.288205994057281645e-01
3.295269327173686591e-01
3.299331765539067485e-01
3.380672472487008529e-01
3.385651282450626298e-01
3.394652982980014277e-01
3.397120190958746178e-01
3.403397687800341354e-01
3.408039763984987425e-01
3.420235119864725171e-01
3.442951851788910722e-01
3.539102800888988543e-01
3.634073676096205019e-01
3.680847189192818503e-01
3.719752868284176284e-01
3.728760790631385769e-01
3.745387691900424199e-01
3.765956403907869121e-01
3.804435246348392141e-01
3.811543352675694218e-01
3.814676323324370788e-01
3.881338204155536653e-01
3.887629102662495950e-01
3.940084205030495168e-01
3.952172407558794953e-01
3.956797208950821876e-01
3.958538382280037404e-01
4.003558336842820697e-01
4.083847186178006794e-01
4.093949024053885055e-01
4.158698954908987555e-01
4.160466781721507967e-01
4.199497347068983921e-01
4.207256099977883523e-01
4.208935807447309330e-01
4.245119778364195851e-01
4.277860378482803982e-01
4.284046974429627230e-01
4.288336466026244631e-01
4.366867817430974963e-01
4.370517519136954965e-01
4.386357339318863180e-01
4.393024732839068136e-01
4.410643035813353596e-01
4.434482812964185561e-01
4.459025759434300795e-01
4.494841751486677861e-01
4.507108118813477615e-01
4.517239375801070378e-01
4.518449551596710467e-01
4.543035506033902826e-01
4.560381584528955257e-01
4.562104437907597565e-01
4.570389178133091868e-01
4.579589083728017873e-01
4.603349073087268373e-01
4.606669227863800509e-01
4.762335554668939985e-01
4.764740191224570709e-01
4.832191044832593319e-01
4.847242780623102210e-01
4.876681619017927960e-01
4.885181313774085154e-01
4.893101086303288105e-01
4.898480819323017821e-01
4.905683745263096363e-01
4.907198381559756406e-01
4.907373759985708128e-01
4.928373457290132764e-01
4.929927891086183789e-01
4.943132076877848058e-01
4.946433780140043757e-01
4.991243981669429841e-01
5.004111265924053864e-01
5.010660661824088979e-01
5.075753260124096222e-01
5.088083256050657255e-01
5.089293916587849242e-01
5.100844949634286696e-01
5.113510924009095904e-01
5.115951041477352357e-01
5.128366309450689275e-01
5.130692244420120840e-01
5.136710261263548460e-01
5.167013127322057642e-01
5.189761776583809993e-01
5.215618294737355276e-01
5.234797058374675016e-01
5.237278575597683616e-01
5.239155405058587567e-01
5.245009184298962124e-01
5.275630703147156098e-01
5.276035414935680290e-01
5.287372623245286674e-01
5.292374345515782341e-01
5.331889336325893458e-01
5.351685787826333529e-01
5.365021381002015310e-01
5.369349194095882627e-01
5.378572845254373513e-01
5.378743078589234283e-01
5.395770260356459458e-01
5.425564033678466069e-01
5.431157210005269631e-01
5.450775472921418618e-01
5.456494896613210965e-01
5.459488735634935308e-01
5.461545922530218755e-01
5.469525387812186334e-01
5.473258415209769634e-01
5.477499897352333669e-01
5.480970933576383430e-01
5.489943900756716344e-01
5.490758327130886851e-01
5.520110971178356918e-01
5.548050810628172291e-01
5.566309740805044370e-01
5.571358349680244348e-01
5.591474734164260108e-01
5.598012802639196206e-01
5.615203854642238923e-01
5.617691435581894099e-01
5.621557133317708344e-01
5.623541770915075899e-01
5.624556944993400753e-01
5.631452809730707054e-01
5.632213415829966374e-01
5.638737161340607873e-01
5.645357718874405295e-01
5.648215920116841371e-01
5.650634087503694225e-01
5.653563684234583775e-01
5.670562136104826401e-01
5.673824250683967563e-01
5.682958824513101304e-01
5.694690076147249647e-01
5.696323113270655991e-01
5.697473872451143118e-01
5.708628820089990397e-01
5.722044568470983084e-01
5.726719829263053896e-01
5.728323912900141757e-01
5.737038685181616859e-01
5.743773569576762217e-01
5.749747324525381620e-01
5.751478321278614692e-01
5.773033417385733390e-01
5.816466761802031593e-01
5.833106714274108873e-01
5.834218682734423345e-01
5.834842461681853942e-01
5.847854517200793412e-01
5.878322457684029834e-01
5.893256638341529685e-01
5.898126695138339315e-01
5.904469882739068476e-01
5.913069154248981052e-01
5.925536973378261463e-01
5.929173827954329346e-01
5.947512145441055109e-01
5.953519009056269518e-01
5.995544444797658024e-01
6.012306827620755856e-01
6.018289241822447622e-01
6.024337650251818665e-01
6.031497971442337791e-01
6.050224534276436028e-01
6.060489270469384682e-01
6.065847216377022733e-01
6.070351384320458177e-01
6.085719651605214775e-01
6.096197101267928353e-01
6.097527144877848970e-01
6.107302796593125915e-01
6.111943977697218422e-01
6.142547705426401050e-01
6.144793810064054229e-01
6.164936530248433799e-01
6.170300235491368301e-01
6.204401040360175701e-01
6.213426501328227491e-01
6.213506527905418020e-01
6.230853020912549001e-01
6.244885304464926623e-01
6.262556630641423761e-01
6.269434394900309515e-01
6.280427876732749271e-01
6.282808838884851310e-01
6.304956811333980449e-01
6.316767650774719467e-01
6.336842670925081356e-01
6.338950760954310537e-01
6.341579322323522838e-01
6.352193343066845355e-01
6.367009586158478562e-01
6.368431646786928413e-01
6.377902461431651515e-01
6.378284031569644297e-01
6.397099387054431263e-01
