7.738868565732395788e-02
1.261701341545519162e-01
1.547018916800741439e-01
1.793096168630084475e-01
1.809509430898942062e-01
1.834781202971494385e-01
1.847247957839809884e-01
2.042218590602170591e-01
2.091179051735589933e-01
2.296733836146969965e-01
2.400011424846038299e-01
2.428621585269388206e-01
2.541377478428832881e-01
2.622715305412433584e-01
2.657846335110553015e-01
2.703962445395325376e-01
2.847370178414481146e-01
2.847467680730944584e-01
2.863931976763974263e-01
2.864344057194054827e-01
2.885636842722988371e-01
2.892907098018135947e-01
2.919231422440836110e-01
2.980403727093913213e-01
3.092805983468326914e-01
3.140159315793300543e-01
3.141330033159867030e-01
3.195264585016758807e-01
3.352108497690380884e-01
3.596717348912054635e-01
3.596904265856582517e-01
3.622553428756959959e-01
3.652779414850972350e-01
3.741672149328669761e-01
3.768386133529943449e-01
3.828209938378729915e-01
3.890094446433463027e-01
3.940479788672538453e-01
3.949128472880681917e-01
3.987585930723004379e-01
3.995008753996632800e-01
4.052420666761621382e-01
4.100989827683184652e-01
4.129706380945995514e-01
4.172667820582073306e-01
4.186541289100123020e-01
4.228894334441610225e-01
4.250657515093217431e-01
4.267755994951438203e-01
4.294241629972165297e-01
4.334010931937548605e-01
4.345122711110360747e-01
4.393205594367980416e-01
4.459456453589211722e-01
4.488872168605271273e-01
4.539361883783321616e-01
4.541367667165120414e-01
4.573236819190101277e-01
4.574625624299514803e-01
4.594664093352045509e-01
4.597927069277166767e-01
4.601017689128337751e-01
4.610184808542473478e-01
4.618479433548275948e-01
4.620148567755103519e-01
4.713026190474383093e-01
4.774853942926955419e-01
4.822311915315202202e-01
4.872839478628014920e-01
4.876972076120538735e-01
4.882421855053050153e-01
4.903562112368936576e-01
4.994108835062235352e-01
5.012981886914046337e-01
5.089014883176157245e-01
5.091242797749279125e-01
5.099833640676556534e-01
5.163288474557878871e-01
5.184784385260967632e-01
5.208811163965354485e-01
5.282462532501391861e-01
5.323810043239868284e-01
5.327972888116865313e-01
5.330691702220943240e-01
5.334924377451399913e-01
5.376520753543884146e-01
5.378571842922619251e-01
5.384419861759328629e-01
5.398551721123474589e-01
5.421377259086506140e-01
5.466983861432119784e-01
5.477073268899534941e-01
5.488313928485757387e-01
5.494806840758248434e-01
5.502624242949828437e-01
5.562905951494923062e-01
5.573475247648034259e-01
5.598245252189760768e-01
5.605461548664817384e-01
5.620843633749654789e-01
5.678846390297641600e-01
5.697405952858923817e-01
5.726302196598351824e-01
5.757798127108495478e-01
5.758892287294915535e-01
5.771139807695272461e-01
5.787586812386169566e-01
5.836755859420329484e-01
5.871984174662565614e-01
5.907692088617314541e-01
5.953478608600355493e-01
5.967518760559509250e-01
5.981947459583689675e-01
5.991592189989208839e-01
5.995386937345472678e-01
5.999882494967808677e-01
6.093367838988249519e-01
6.093812802544471552e-01
6.117741873986384249e-01
6.142924619574274825e-01
6.155122236845665951e-01
6.184346696550537814e-01
6.213815946445166993e-01
6.291766511780898519e-01
6.318727003752019344e-01
6.344663924039734004e-01
6.357946851045905845e-01
6.372763231183156130e-01
6.386891563679899519e-01
6.386917770818371087e-01
6.397605182278848224e-01
6.426316229811559477e-01
6.477486654339815741e-01
6.494325436828010112e-01
6.537934338732598327e-01
6.556390904202779035e-01
6.573667840854159339e-01
6.587540473151658471e-01
6.612496762569090025e-01
6.639261296425398307e-01
6.649133277255481200e-01
6.668860901036032240e-01
