3.283451574410821416e-02
5.298277150652715151e-02
4.463586922396290541e-02
5.741899878694566028e-02
8.439092664490553675e-02
7.468436364115975390e-02
4.421766037855695552e-02
5.690509656663508137e-02
4.587564613108208178e-02
3.038596009253305072e-02
5.729009580225292303e-02
7.921612169202536802e-02
5.599558543138229150e-02
7.125196731933508554e-02
7.603370954446386776e-02
9.918837490129353562e-02
4.383431870021760324e-02
6.831913583592820471e-02
8.307086604093771864e-02
6.381512391817163732e-02
3.188813676961755467e-02
6.953121118581886972e-02
3.848020901687822237e-02
4.559008684425273211e-02
3.014889336497359254e-02
5.045770142451240503e-02
9.109298163084830757e-02
9.583671239712135415e-02
3.386808779332965008e-02
6.213643892304358124e-02
7.977473819399889809e-02
8.902379328487866617e-02
5.659189689742405438e-02
3.390115554626907390e-02
4.870682431134874119e-02
4.285724448452794821e-02
7.220449614571250452e-02
3.837040261071548997e-02
4.443367285418152457e-02
9.786691313703048400e-02
4.341420580677851637e-02
3.417749683692678647e-02
6.319897344790645355e-02
9.612181373926505235e-02
3.232638015337352400e-02
5.586478338006527905e-02
4.366685828415151766e-02
3.325232725794857735e-02
7.135264347912706473e-02
4.654869373900184792e-02
8.328706016159620473e-02
5.866951448233342914e-02
9.604074922031692607e-02
3.727035795842954802e-02
8.509469306535541455e-02
9.020838864170085958e-02
4.128043824352631286e-02
4.847396595478878356e-02
6.782262547184439438e-02
4.522459150140579337e-02
6.813852782810821129e-02
9.341700338513604651e-02
5.248436727531002877e-02
3.918064769045923740e-02
8.548006395466398177e-02
3.435162335107644349e-02
4.959582029764189604e-02
5.790406409941770138e-02
9.963295645252791266e-02
4.999914512618802709e-02
6.685248813887255392e-02
4.336416151883448755e-02
7.234692429973350880e-02
9.557240319336493539e-02
5.731229944591247072e-02
7.831477393306238155e-02
5.436927611620086948e-02
7.984042056400789122e-02
9.461130125020053572e-02
9.933518459172081816e-02
5.619957252334142894e-02
6.368962965584709646e-02
7.478090681735261036e-02
9.148818360854379939e-02
5.057948651471409762e-02
8.599805254058220938e-02
4.852157280887868518e-02
9.947250627112985688e-02
9.173434695780757764e-02
6.186478045831039080e-02
3.271041796660300455e-02
5.129464042985923400e-02
7.345399971733808375e-02
5.120454250513863798e-02
5.049740534418296900e-02
6.092427819374413717e-02
3.749631026599728467e-02
8.755952300442973457e-02
5.974027965067411905e-02
4.566169895357399811e-02
6.426912393147921065e-02
9.494270126457408920e-02
8.897766401481210785e-02
5.703653629685515730e-02
9.458847494814792700e-02
6.530828377950134711e-02
7.825703863033359187e-02
7.562348131492635517e-02
7.132219317690606519e-02
3.969505323778407119e-02
9.389660658111562141e-02
4.770205956466741504e-02
7.169777023161975904e-02
4.432364523970268311e-02
8.360569975074766402e-02
5.574071993141357234e-02
4.002196452811054156e-02
8.931390958390506007e-02
8.724111023913287688e-02
4.158650318629758535e-02
5.308646918111382951e-02
6.180547645353480501e-02
4.857374675969575173e-02
5.815812132969160053e-02
6.980214699431198933e-02
5.276591842612933514e-02
7.383615687948302808e-02
4.661266653794764181e-02
8.508247641879815304e-02
7.087293251578344333e-02
5.729009916426011650e-02
3.654332372821789826e-02
6.841454238873578841e-02
6.742679967845688349e-02
8.872503697375276610e-02
3.232514619967721825e-02
7.648670532088733265e-02
5.848634754333147806e-02
5.865018571422288968e-02
4.521103616358934651e-02
7.266331009184653911e-02
4.072687084695413712e-02
7.661600493838195691e-02
3.259592604780769953e-02
8.650954900905885592e-02
6.104987041507314860e-02
4.667825109312974396e-02
7.639950171694548375e-02
9.281134444005206818e-02
6.924601820101508598e-02
8.632752609900115615e-02
7.632199379944507034e-02
6.854765106465052216e-02
4.897785317018775453e-02
3.602187993167474400e-02
4.577411367129512187e-02
6.626571714815895908e-02
3.282850919633992226e-02
9.944725341484800252e-02
5.486980591926177153e-02
6.403599197827600231e-02
6.196594131795620658e-02
5.872050103493842155e-02
3.069604628358465342e-02
9.929436208999661839e-02
9.622223093557495666e-02
9.307289180046318666e-02
4.230535046686471901e-02
3.065861949495717401e-02
3.958715535491570681e-02
9.587618671551209615e-02
6.208969586138903679e-02
5.196002323888379570e-02
7.864146972431992899e-02
4.510547820550393772e-02
6.724812616027256440e-02
4.778614962812616218e-02
8.987541872727417003e-02
8.964425225908506656e-02
5.881397875445215639e-02
8.042298462672926862e-02
8.055042338017190384e-02
6.956371437460891205e-02
4.761014051848823370e-02
8.504709718340677793e-02
9.607019772440186789e-02
8.294981526332120825e-02
7.404574009652353794e-02
4.863834597666756576e-02
9.272217225952122943e-02
8.365352909893153388e-02
5.980335509214905476e-02
5.496508616622380883e-02
9.242568592138203365e-02
7.141430861670722274e-02
8.911229153709859796e-02
5.475116537948403195e-02
3.105018218261594576e-02
3.557128841607497954e-02
8.789691901357864212e-02
1.096953187019598791e-01
1.236391223692300811e-01
1.310775718397965417e-01
1.516532711837896008e-01
1.553853856318215543e-01
1.604943761149528192e-01
1.844050902550997961e-01
1.890291501530949603e-01
2.245113314763624301e-01
2.310692029839639672e-01
2.339969155886514884e-01
2.387124658206498662e-01
2.421320884093986769e-01
2.431033072923713123e-01
2.449132346718904951e-01
2.500687266858483970e-01
2.550526754803336682e-01
2.672861600469640386e-01
2.686091884900454474e-01
2.801928694002964737e-01
2.806084311705499545e-01
2.809743302506657603e-01
2.895120957809477202e-01
2.916298868120275056e-01
2.918041291459025910e-01
2.934461457117070182e-01
2.937303042817189791e-01
2.990483822120212909e-01
2.994718128408363489e-01
3.081918795258793420e-01
3.114308756966835956e-01
3.165572954469513811e-01
3.174969764351509571e-01
3.222346484295536828e-01
3.241972966268188983e-01
3.259011130262656208e-01
3.361322751501723549e-01
3.457614263006786315e-01
3.480440035791173559e-01
3.532082305484423035e-01
3.540541025184823498e-01
3.575570543228955289e-01
3.657935345543836814e-01
3.718259983175701278e-01
3.723935907109999777e-01
3.783279103116042874e-01
3.813219813766834387e-01
3.813470751245256474e-01
3.834219567850302712e-01
3.853874107802998106e-01
3.915911437451406463e-01
4.001849922705178475e-01
4.017779938982906640e-01
4.021687916480025660e-01
4.082951803605465169e-01
4.103057301513772237e-01
4.187163919102774856e-01
4.200049089104107569e-01
4.225411004164515427e-01
4.256161998668388513e-01
4.283216940726315425e-01
4.286714520128047101e-01
4.317235065478308709e-01
4.327135639644259513e-01
4.332809830432353682e-01
4.361402373542487831e-01
4.395774007383194681e-01
4.453707483390602628e-01
4.483392911398920710e-01
4.497755931260715156e-01
4.531865065869025155e-01
4.555037565764603613e-01
4.559818552941120040e-01
4.616687524540046828e-01
4.652644254034724591e-01
4.666550731837800781e-01
4.671057159127381953e-01
4.685024089562898619e-01
4.686331462830506389e-01
4.687570734724001431e-01
4.699248568035412355e-01
4.711783920792221858e-01
4.736380459408821020e-01
4.764593627929748498e-01
4.768510142159401166e-01
4.783058813671362541e-01
4.822924067116506897e-01
4.826118102516767649e-01
4.836836920477433077e-01
4.858748172355903394e-01
4.910458372380160919e-01
4.943813865655778961e-01
4.946411051787696356e-01
4.953140954926360529e-01
4.957840521512055787e-01
4.975483352570115314e-01
5.015072422305238975e-01
5.041065343436081925e-01
5.042553209841755812e-01
5.049531150879957853e-01
5.066742516728615087e-01
5.082749269751009047e-01
5.086691675931361845e-01
5.128693003776347847e-01
5.130439277059326564e-01
5.139498080518132284e-01
5.153415513495077649e-01
5.157155332256845304e-01
5.167434672765257586e-01
5.170508778719391518e-01
5.182633575966224537e-01
5.194096082814965154e-01
5.226111797582063678e-01
5.239598771028650681e-01
5.265712577253920390e-01
5.297551315709163600e-01
5.346420668829136025e-01
5.366629235475928184e-01
5.388680202367135408e-01
5.401086962977669215e-01
5.401205027750981547e-01
5.425372411074970147e-01
5.425617755881039228e-01
5.447962308673099940e-01
5.466042900610553756e-01
5.468275568039231427e-01
5.469575498947644165e-01
5.481919624556151893e-01
5.500479185461684128e-01
5.514989434429771187e-01
5.518054007863172350e-01
5.542301353765947125e-01
5.547060735029966105e-01
5.548467989040344328e-01
5.574440568845292487e-01
5.575423618437149731e-01
5.621068980219192657e-01
5.670168806804364303e-01
5.670359843024919133e-01
5.684842564757299765e-01
5.695884575938400252e-01
5.702604468143608329e-01
5.707861835744135748e-01
5.726695672195774023e-01
5.771614399793321137e-01
5.779679206067700470e-01
5.802882070404649095e-01
5.804353594988134191e-01
5.808526003361308421e-01
5.834795014008514746e-01
5.836767652259996497e-01
5.847631416804517368e-01
5.849083368322809395e-01
5.856114969915390267e-01
5.866866092569184010e-01
5.870902148562042733e-01
5.875999123447769312e-01
5.887251003224673873e-01
5.891187884442896650e-01
5.891782324320424813e-01
5.895666115510399541e-01
5.902652637797363155e-01
5.904303619059556585e-01
5.910594109786166950e-01
5.912962009714991529e-01
5.916521993085516185e-01
5.953746905889812924e-01
5.954778169510597241e-01
5.956310038891720060e-01
5.957218162870059341e-01
5.977712972058174534e-01
5.983269393257647506e-01
5.986670546509427204e-01
6.013927263860635586e-01
6.030320844074534836e-01
6.031493063612198835e-01
6.035563690755882948e-01
6.051235839054004417e-01
6.054624286312958459e-01
6.073556734164057280e-01
6.099981499253084305e-01
6.149021124146150097e-01
6.170759981084233958e-01
6.176952592768535366e-01
6.192046878998521686e-01
6.192145194269822461e-01
6.204296010998542332e-01
6.225071045043574225e-01
6.231408426776370302e-01
6.231600070968997818e-01
6.236236010744395930e-01
6.246345985310856053e-01
6.253962466019793442e-01
6.254373427287728271e-01
6.254858091552799593e-01
6.260155177028595697e-01
6.263337896073628563e-01
6.267356872357939812e-01
6.269287815817385923e-01
6.273306622874363914e-01
6.298828226986011858e-01
6.311805569078721145e-01
6.314480470720712502e-01
6.321771283537250818e-01
6.326303480402559742e-01
6.327327823224183634e-01
6.331390189016481429e-01
6.338329334758073808e-01
6.348689925633254072e-01
6.357187439951587082e-01
6.361171738683630839e-01
6.361292195663772464e-01
6.373998217608087824e-01
6.394354718325498954e-01
6.415808566944521951e-01
6.439588455916269716e-01
6.440822694020112982e-01
6.443927697925231346e-01
6.447737928599035495e-01
6.458940938333082027e-01
6.471717932959174524e-01
6.481359086564408845e-01
6.489381977508100752e-01
6.503313177160506831e-01
6.513491200399482706e-01
6.532983789218689274e-01
6.554158803267491340e-01
6.554379318189109682e-01
6.584513755836285398e-01
6.592082440097367657e-01
6.597641663331930140e-01
6.611343496626973515e-01
6.618437364268814349e-01
6.619272914975372624e-01
6.623897044294162484e-01
6.682042156635138452e-01
6.690415979273455216e-01
6.697303785835420076e-01
6.713034221909780497e-01
6.734627927357528243e-01
6.737274636531013217e-01
6.770162852354721927e-01
6.788894086666859007e-01
6.795777103609291769e-01
6.801563307805257308e-01
6.812596269218644807e-01
6.820215720935072223e-01
6.832480243073484338e-01
6.840587639326630720e-01
6.851162541341748735e-01
6.862911741889869965e-01
6.876934179664513369e-01
6.915947050998453305e-01
6.927290061513857733e-01
6.928051952927039014e-01
6.934536311538980202e-01
6.942522454697142020e-01
6.958468335730942922e-01
6.962306592534710514e-01
6.964449389050488826e-01
6.973847159469912516e-01
7.000348676895453703e-01
7.015508353228896432e-01
7.027058388840083936e-01
7.045959378701539544e-01
7.065168535092969382e-01
7.069247020823747896e-01
7.102764246393271641e-01
7.139782299483151684e-01
7.159380746639638637e-01
7.174581896024065930e-01
7.184170972677623723e-01
7.190976971528985073e-01
7.192872230935338784e-01
7.209670680880856386e-01
7.224858336473207743e-01
7.246225736517730720e-01
7.251888564906413537e-01
7.253119274427533014e-01
7.255522125722992932e-01
7.274503064048150058e-01
7.276751412042324896e-01
7.281884016269702942e-01
7.306034178255917944e-01
7.315651831990641618e-01
7.322406798498404257e-01
7.338717494234486827e-01
7.347938988584168385e-01
7.348880060015536841e-01
7.352191665803282650e-01
7.364820981542682388e-01
7.370073889697569269e-01
7.377023228947904299e-01
7.378746330703770395e-01
7.388848969656711674e-01
7.389432093545917901e-01
7.393411096708706332e-01
7.408962230146356465e-01
7.421331907471729883e-01
7.428488557553534211e-01
7.433706080723112564e-01
7.449316992086261191e-01
7.464048797076968667e-01
7.464261506185427830e-01
7.471010893288267951e-01
7.483764443883539341e-01
7.488344446363868201e-01
7.502724404164067273e-01
7.526068035114674704e-01
7.533665873071375696e-01
7.551532914626810644e-01
7.557056641719591683e-01
7.567411758482776030e-01
7.573619448415737088e-01
7.573767596739746644e-01
7.598408215540914945e-01
7.628490313566990144e-01
7.639755154549472405e-01
7.641103416457704078e-01
7.659359105755747521e-01
7.666450849586352589e-01
7.669232869390389951e-01
7.689616444625668734e-01
7.707013988942631455e-01
7.735791136173140181e-01
7.738610152668374820e-01
7.760708583608834088e-01
7.765385619273952322e-01
7.770801489874097356e-01
7.772877882054970433e-01
7.773562062674694850e-01
7.774094608824009267e-01
7.777534959673437776e-01
7.778219731356351696e-01
7.811226789372851531e-01
7.816871715769940776e-01
7.823736557759447541e-01
7.870511619234963341e-01
7.877408462898241037e-01
7.877995112887175022e-01
7.880967306091014590e-01
7.917046836702478219e-01
7.940660614765074898e-01
7.953465577105522932e-01
7.962549234164637557e-01
7.994463489393756062e-01
7.995486991916285202e-01
8.021467771975816508e-01
8.023139175358990904e-01
8.024506438463393510e-01
8.043430067483735568e-01
8.054100219332605004e-01
8.054899030464447440e-01
8.070617053860480450e-01
8.074463160225595626e-01
8.085305446849526678e-01
8.085359483105973855e-01
8.088354284645906667e-01
8.096496579779536296e-01
8.137876035533362362e-01
8.140939469792779493e-01
8.145874102829873120e-01
8.152650457579097010e-01
8.157465360240799823e-01
8.167662252685468083e-01
8.195180145457766629e-01
8.196606043975434019e-01
8.197324294900086850e-01
8.217086451602568786e-01
8.225421950653202252e-01
8.226148769818752982e-01
8.233545318042211347e-01
8.241275203259520454e-01
8.254175903939152681e-01
8.255208605708889147e-01
8.257317373374906122e-01
8.269953529225625433e-01
8.283240065406973773e-01
8.306901317134718354e-01
8.315735794503158473e-01
8.335042297896795294e-01
8.337691148304733346e-01
8.338830115687481115e-01
8.360354343946029276e-01
8.378971091754027212e-01
8.401803422467191140e-01
8.422372982606112224e-01
8.427285135965856266e-01
8.430434587301793847e-01
8.432793179906019621e-01
8.432808174868213769e-01
8.443843669569747190e-01
8.460318327419289464e-01
8.473813171670019351e-01
8.473915100173492476e-01
8.479218617131509816e-01
8.484339290017133273e-01
8.485535197165260390e-01
8.491141284863052974e-01
8.516161755210983619e-01
