7.556808847626984849e-02
5.336692474905314898e-02
7.859645688428165688e-02
8.612425397934203586e-02
7.816720739235738513e-02
3.180897563991974542e-02
3.900207296873944157e-02
4.442396295771267739e-02
6.339304426950984062e-02
5.467285489742616106e-02
7.072421342608663231e-02
8.343956959740572721e-02
3.890605151794770261e-02
6.088106303155099708e-02
4.958726738521208877e-02
3.123749294694073281e-02
9.291825895965613591e-02
9.391603153239583279e-02
5.395602722867658130e-02
8.721140723212805757e-02
9.414061220987639256e-02
5.926107014204874679e-02
6.856840876279308994e-02
7.157165318179342650e-02
8.777909039651145273e-02
3.750596549678225644e-02
3.131341387473517146e-02
6.102353045090365413e-02
7.905482698526297702e-02
7.551567061718944540e-02
4.912654351826228893e-02
9.629952638775038376e-02
6.017070244812440516e-02
4.990055423701965365e-02
9.239464206828770787e-02
3.964529453985587287e-02
4.295562873199884613e-02
4.943420561732388141e-02
7.488995725476960130e-02
3.130295719320425052e-02
5.822554628554840739e-02
3.308699026528531817e-02
8.856716429787275802e-02
6.420040308197552670e-02
5.251408002626270499e-02
7.171446169604604737e-02
6.078299389142345632e-02
6.761224021215681002e-02
7.747220058061517201e-02
7.560613591548487333e-02
6.613117812198671119e-02
8.499689644886194995e-02
7.138958361321599833e-02
5.568235388141931641e-02
4.617195895986445087e-02
4.603401433170078993e-02
4.134020810146268182e-02
6.428882680877751055e-02
8.296249833259453088e-02
6.106356654366122683e-02
5.821125451708929199e-02
5.021429135910950720e-02
3.738087450574773679e-02
4.144198768174808117e-02
3.817830927379095574e-02
7.608809882738022667e-02
6.064321912700942202e-02
7.125067323454378765e-02
5.631501061770777250e-02
4.755690794271413835e-02
5.611373760065117844e-02
7.126620461772020798e-02
6.566102532181117279e-02
7.219683502382961970e-02
9.151880810741393202e-02
6.726463120301454102e-02
7.231648953076827424e-02
7.380649555094137559e-02
9.222555135607746202e-02
5.685059213870524014e-02
8.887394358160941032e-02
5.474769634256548834e-02
3.325669931260570589e-02
3.968760004191068669e-02
5.745353953994002116e-02
7.030699054478867227e-02
4.481609110357513692e-02
8.820539616711478570e-02
4.141274551795361136e-02
7.140705039441316848e-02
7.569270366734491551e-02
7.971950645167488747e-02
8.493123529509416514e-02
5.216573616432556432e-02
6.798704022348807385e-02
3.978821479375470316e-02
5.991169161816081723e-02
4.403467082838885549e-02
6.429634319238594631e-02
8.020015570435398700e-02
6.481007693525131508e-02
4.368451166585357592e-02
9.314427149290577246e-02
4.831732163382669587e-02
5.711286947925235669e-02
3.786371284419166178e-02
6.832654865870141370e-02
4.710306263244022629e-02
8.569794976144673448e-02
4.255958724351456557e-02
9.750176389408893307e-02
7.062297632050379415e-02
3.808921675200703516e-02
6.613575611454564074e-02
5.405787991529772962e-02
6.346042296355786094e-02
3.568300500170031031e-02
7.567721776873553852e-02
4.977763424406714265e-02
9.970578550426231756e-02
3.683057315359065942e-02
4.530806882427836080e-02
9.863429425389454164e-02
9.966887834474347230e-02
4.572318143990732747e-02
8.705837864495157008e-02
6.871180006069581292e-02
4.940565399282295656e-02
3.517728988617830482e-02
6.100563153291369695e-02
5.426336822100224361e-02
3.634848997846440444e-02
7.691393711806411571e-02
4.140064307712723601e-02
8.037494267596653752e-02
4.689842048474014008e-02
8.468392082716194591e-02
3.890206569712001405e-02
4.862168471098424205e-02
4.894368883731930325e-02
3.396340030403392773e-02
5.219269768749029703e-02
5.754732235696907727e-02
3.854964128675853613e-02
3.017266076668845970e-02
5.945805901653471170e-02
6.414669763034028249e-02
7.589598352631723999e-02
7.498003814190432048e-02
7.442952663290250404e-02
3.241903345276118953e-02
6.764046868291470616e-02
6.081516798655593747e-02
3.967821348121657737e-02
5.013313267986538313e-02
5.200649337200465017e-02
4.311517742967359290e-02
3.287901032973894466e-02
3.045888059436850648e-02
9.325332845313935581e-02
6.055564838538197991e-02
6.199273846043679148e-02
4.342311542592572349e-02
3.393695719358585938e-02
8.979658940885591745e-02
7.806197989139307403e-02
9.954543565668874661e-02
6.159585534250425209e-02
7.596138796307817798e-02
3.724901422951178154e-02
4.924615721409461577e-02
9.917855057090950444e-02
4.809824871846914152e-02
9.873515341519147059e-02
5.261758173144057138e-02
8.796687324002842867e-02
7.579977596485680535e-02
7.660540178663248490e-02
5.558147897057048176e-02
6.030604536409128746e-02
9.115703352563077344e-02
4.545511737879057851e-02
6.431246719866980099e-02
6.388680808007603240e-02
7.256305169084770190e-02
4.038820571212019261e-02
3.856739963821281814e-02
4.897121264978154809e-02
4.260286848888518441e-02
6.985703908615523150e-02
4.158610165144023540e-02
7.361715383848577154e-02
8.361107358147658319e-02
4.386814663811264281e-02
8.838252931146964309e-02
6.810637445319715766e-02
4.447912527777723307e-02
8.002906199105450091e-02
7.425497527116811658e-02
4.292017255835257894e-02
8.606558210086415195e-02
8.865093909158007490e-02
1.199030769734897167e-01
1.345596086475399078e-01
1.383049237008808774e-01
1.485036283559914572e-01
1.493549849424113674e-01
1.517176798293593809e-01
1.691683457752151953e-01
1.712448108709845873e-01
