6.066315281094035450e-02
6.861120111364488183e-02
1.388456603676564705e-01
1.427678780793362467e-01
1.512151210533087542e-01
1.798648987960995704e-01
1.828138153355377826e-01
1.895835110139282298e-01
1.904393232186510354e-01
1.933494865310846911e-01
2.176983801708814725e-01
2.234947417670464787e-01
2.276317667630932129e-01
2.283810832796170087e-01
2.308730581127970416e-01
2.322693480763937668e-01
2.382188704404376856e-01
2.434693510172706021e-01
2.487181636774523918e-01
2.518414826608491586e-01
2.547748194027323887e-01
2.566340995868195973e-01
2.573512360161098744e-01
2.582111708879805678e-01
2.607665999771889842e-01
2.662383452731949540e-01
2.679731189777227462e-01
2.720075445334839692e-01
2.806995470166832596e-01
2.871769801571203984e-01
2.896581676269066596e-01
2.901117978037467404e-01
2.912743058212192149e-01
2.935402034353232215e-01
2.945007485697891392e-01
2.976922608467967857e-01
2.981604677834776007e-01
2.987393326871554122e-01
2.992067735552772501e-01
3.020719716706117275e-01
3.048823912598276342e-01
3.050194331026515604e-01
3.121191715016853330e-01
3.137464662314086161e-01
3.143659660155484481e-01
3.149973054017298768e-01
3.154370395596170495e-01
3.172429968160896951e-01
3.181091770339637415e-01
3.186700406164720278e-01
3.211251353207997261e-01
3.218696446722271176e-01
3.244854555407016838e-01
3.260277121358770014e-01
3.301031016158900711e-01
3.318308733629093954e-01
3.332463961864955970e-01
3.353176370171664922e-01
3.369973676487273972e-01
3.424599096512961349e-01
3.428998898836421727e-01
3.497738188537239945e-01
3.503784576350877922e-01
3.513066633087661428e-01
3.515007920458407820e-01
3.533893206274002496e-01
3.533972163751558648e-01
3.542551174786405799e-01
3.552766661443490515e-01
3.569403336636913227e-01
3.579996007162095095e-01
3.582272140461334464e-01
3.585408988558023147e-01
3.591369215871533793e-01
3.609745138115222907e-01
3.619262118901004910e-01
3.620739205052674325e-01
3.628643207844081675e-01
3.635591011780038295e-01
3.638253063835824586e-01
3.647161228762609841e-01
3.657170060709710180e-01
3.670746492923143700e-01
3.689452003192679186e-01
3.705627834440873292e-01
3.705690771479566159e-01
3.725670199668901228e-01
3.735999398972709162e-01
3.739825741136340587e-01
3.764745194107033122e-01
3.765695648232545434e-01
3.782587187887920255e-01
3.784785621042112691e-01
3.785317392256542512e-01
3.814556140424437136e-01
3.821165200324503908e-01
3.834957903613612773e-01
3.845197193393987134e-01
3.851904225798598591e-01
3.856080081563462714e-01
3.867864370245486794e-01
3.868325869142378859e-01
3.869876666078778116e-01
3.883189036635027458e-01
3.898843649837743786e-01
3.917104490506910786e-01
3.932343419151760888e-01
3.935164385694197575e-01
3.940600994232016929e-01
3.960404135747527810e-01
3.968668760766060899e-01
4.012053345173467456e-01
4.027930676803442300e-01
4.060870872352441152e-01
4.082486004225339138e-01
4.137226095291003380e-01
4.175789082057227430e-01
4.176334773427387015e-01
4.195974201884203336e-01
4.199274595038875457e-01
4.202650047865547633e-01
4.270854539557082941e-01
4.278822732345716751e-01
4.281849484299057318e-01
4.289926062748781743e-01
4.313956512641076713e-01
4.324556905523885275e-01
4.328861140413009512e-01
4.338037829220694475e-01
4.357281182947240206e-01
4.367799741405256064e-01
4.370105312918511897e-01
4.375449126223320828e-01
4.425256263067663953e-01
4.463136635881809200e-01
4.470139445737486561e-01
4.477118227107730331e-01
4.478061662601420800e-01
4.480607152278251459e-01
4.503921536117182489e-01
4.515282954880516786e-01
4.519716004048646707e-01
4.533390956778969860e-01
4.558341224786871537e-01
4.566720490764576978e-01
4.570048136772345559e-01
4.570467186543603066e-01
4.604343807788357501e-01
4.610597174492261363e-01
4.611730432137706726e-01
4.617941361470644379e-01
4.632197790203886334e-01
4.643052667874209560e-01
4.643426034037024808e-01
4.645939258323228405e-01
4.657587838883542330e-01
4.658597585253266837e-01
4.669712987532117499e-01
4.704063666277513156e-01
4.705562007179152073e-01
4.706990231318501916e-01
4.722540666941355547e-01
4.722650591251207342e-01
4.748666475060768222e-01
4.749079465675207778e-01
4.751153728564498913e-01
4.762047419303237494e-01
4.770172097812102052e-01
4.770705245410031825e-01
4.823639517915795927e-01
4.827223392731325724e-01
4.869910081872027563e-01
4.871169502233674842e-01
4.879369666505514180e-01
4.880752484875495734e-01
4.892438517191657898e-01
4.898482097919019118e-01
4.921575895192419337e-01
4.926583954434757828e-01
4.928091458522498303e-01
4.936520248486025997e-01
4.939966164589970621e-01
4.946704584323970977e-01
4.956239625277733540e-01
4.960300782824789700e-01
4.969159329806002168e-01
4.976563649288124891e-01
4.983503364253084045e-01
4.983998948962666820e-01
5.000634225734102989e-01
5.007280820901247598e-01
5.015617768014587474e-01
5.063759187951504259e-01
5.087799421986068937e-01
5.089801835970876320e-01
5.097921673038168233e-01
5.114028056285269130e-01
5.118366266195292225e-01
5.124211155412776719e-01
5.135011657500394566e-01
5.137895045748084311e-01
5.144050954430896549e-01
5.175592961862895969e-01
5.189410719784202097e-01
5.190085606187911926e-01
5.196560139800294742e-01
5.197419328851438092e-01
5.199852911027618152e-01
5.203851297783499419e-01
5.207977870282034516e-01
5.210907752559460482e-01
5.232042276322084184e-01
5.268694752497636857e-01
5.269739982436341119e-01
5.270486948629475865e-01
5.276991972757334448e-01
5.279417460523571082e-01
5.286147834956410607e-01
5.306929394159264346e-01
5.307420728983113234e-01
5.308200444403403662e-01
5.311884705586072952e-01
5.315274150617913529e-01
5.320510190219216451e-01
5.324388359252504310e-01
5.335664483140960535e-01
5.358533187177662027e-01
5.367756281928814932e-01
5.376627755684387777e-01
5.380993682330579286e-01
5.384394217306180952e-01
5.387133630389504546e-01
5.393653993147198289e-01
5.401101640218253230e-01
5.401216765720290303e-01
5.402568956196309724e-01
5.405422529222596584e-01
5.411916378868764088e-01
5.421134332001720235e-01
5.425793621364503050e-01
5.437571488337720194e-01
5.439802059880423091e-01
5.441225753578120550e-01
5.442799611537343374e-01
5.449147668334648476e-01
5.457866614102465652e-01
5.460142226470071636e-01
5.462033226696740851e-01
5.468022630705031695e-01
5.472234688556144588e-01
5.474552866681814400e-01
5.488011363247027319e-01
5.499899302626428677e-01
5.500948508103999934e-01
5.502687198471888363e-01
5.520967669033721714e-01
5.522108990870358003e-01
5.530467057110506346e-01
5.530736650091243600e-01
5.532464874929001741e-01
5.546873781096954836e-01
5.553457989125185623e-01
5.562152263897223170e-01
5.578443322087528466e-01
5.578728624507960365e-01
5.582543061094081827e-01
5.586964210476348391e-01
5.589418643478708537e-01
5.616822416264646289e-01
5.619722036297136736e-01
5.628459648791870329e-01
5.635961113178132864e-01
5.639578559026918736e-01
5.649732731455898715e-01
5.673445652642346015e-01
5.682078448546652449e-01
5.699463740082845176e-01
5.712641892459716653e-01
5.729546563874202691e-01
5.731125318820895487e-01
5.734442040833840348e-01
5.735098558538763713e-01
5.736644667545394149e-01
5.740334481408020384e-01
5.741126543694647921e-01
5.743939973800633592e-01
5.745328093594790353e-01
5.753102248520312045e-01
5.753235965781728911e-01
5.754345717026025930e-01
5.766021196738362331e-01
5.773359042935295449e-01
5.775449835968446965e-01
5.778777150465144175e-01
5.786885874700569143e-01
5.790217774262338413e-01
5.795107865202966391e-01
5.796182110941880961e-01
5.805049050086422691e-01
5.810459408484036636e-01
5.815377150072975621e-01
5.815603695694961939e-01
5.818755100499244381e-01
5.822897373244296793e-01
5.825810719146798933e-01
5.834091254251539960e-01
5.837757223227236780e-01
5.853604310990820903e-01
5.854385759948951273e-01
5.856047523857224046e-01
5.862434898851655030e-01
5.897764204500461904e-01
5.899726551822778164e-01
5.918668151398437383e-01
5.920686002948586379e-01
5.933953389130053324e-01
5.942704051469298587e-01
5.945480866653043428e-01
5.956591564333445499e-01
5.968265027211969720e-01
5.977703739811839334e-01
5.987045681439318034e-01
5.991575636623586165e-01
5.996698607947738013e-01
6.006682998736097012e-01
6.016859296157588410e-01
6.017116198694050233e-01
6.034494230593046016e-01
6.054495796422921794e-01
6.059720462739237590e-01
6.065260753801421378e-01
6.078238867976847315e-01
6.091270061763095489e-01
6.100011147481324558e-01
6.100178952997437065e-01
6.100419421590629332e-01
6.103895122964595465e-01
6.122187104045134776e-01
6.128390957816729490e-01
6.132522047812514199e-01
6.139906484873454140e-01
6.145105576504243938e-01
6.152945424555256171e-01
6.160180746987056200e-01
6.171898012967256264e-01
6.177047991857380627e-01
6.178913366019042064e-01
6.192618308727375620e-01
6.195433822038610705e-01
6.206362534050100521e-01
6.207220292543704776e-01
6.207730551153360921e-01
6.216269546580613925e-01
6.221043728260137184e-01
6.226039072587846723e-01
6.245609235852168650e-01
6.248225134803304659e-01
6.259428881172608428e-01
6.274928321380315310e-01
6.282988322086251465e-01
6.289519200302425839e-01
6.291660892117012516e-01
6.297953904336413000e-01
6.312839377203049995e-01
6.318254231206336113e-01
6.328299167667165159e-01
6.335691515546469921e-01
6.338609861334071338e-01
6.347238823239542693e-01
6.359105941086635738e-01
6.361505931105099210e-01
6.369384778436774086e-01
6.385053990923685863e-01
6.385789157955850115e-01
6.387119474887186232e-01
6.390648956171729456e-01
6.400474874577906093e-01
6.407022447560964951e-01
6.408268699266272961e-01
6.412248041778759733e-01
6.422268765739815866e-01
6.428478522124687622e-01
6.430140230597333195e-01
6.440019164694654741e-01
6.442938692476363194e-01
6.446972670921614634e-01
6.448545506524049342e-01
6.448853802688877535e-01
6.451751133987795317e-01
6.467175747239715111e-01
6.468551809508016337e-01
6.470416075257713340e-01
6.481230247027597313e-01
6.485290044161313716e-01
6.486554327949870524e-01
6.496189123917424091e-01
6.497719395212488980e-01
6.502621997272035603e-01
6.508305975961040657e-01
6.556853794660969514e-01
6.570528061991502966e-01
6.582521334700119908e-01
6.588063707882828579e-01
6.589777275906295584e-01
6.599684318472233135e-01
6.602764390177650045e-01
6.604459725486508948e-01
6.623040191368808616e-01
6.623225302565936001e-01
6.644750374875545429e-01
6.646081215168990752e-01
6.651436394841723221e-01
6.658273032337254094e-01
6.679543125665163839e-01
6.679642709074310458e-01
6.686205310230753929e-01
6.689286795112813211e-01
6.694691285380746093e-01
6.708647714741963197e-01
6.712159978133139804e-01
6.714555610255672491e-01
6.717854618688620105e-01
6.718146590829902065e-01
6.722003362282845673e-01
6.723167211716831737e-01
6.723668190110372311e-01
6.725955172931592507e-01
6.740967457650406391e-01
6.744533957273251001e-01
6.750293446330837277e-01
6.750957682832401385e-01
6.765430363329741903e-01
6.766359900414901096e-01
6.773055812607545745e-01
6.773906504630344827e-01
6.773958535453380447e-01
6.794214672985416925e-01
6.795984105022419008e-01
6.799637516429059003e-01
6.800374404728395383e-01
6.801427508970839808e-01
6.816872306291102968e-01
6.822520673275348502e-01
6.824059899897451098e-01
6.834083744163563789e-01
6.836856812942535555e-01
6.851563701910758919e-01
6.852135814642436040e-01
6.859240596559731395e-01
6.861431177957773020e-01
6.889173364822603896e-01
6.890718483532711769e-01
6.891922419619105344e-01
6.896655431122794555e-01
6.900492360599919106e-01
6.900535163076403355e-01
6.903094008017779393e-01
6.907778250278840959e-01
6.908115841742032970e-01
6.915248568801888318e-01
6.918266457315692675e-01
6.919327878988105196e-01
6.920513124819616113e-01
6.923795254079928574e-01
6.932278720976805531e-01
6.938277137867907562e-01
6.946731108054606807e-01
6.948587930168286242e-01
6.951700894033496780e-01
6.961818078369961249e-01
6.965190676955276272e-01
6.965902422148558815e-01
6.966526545800351133e-01
6.973159594327509314e-01
6.974337367180808434e-01
6.977142151374925438e-01
6.977752339842830942e-01
6.989681762821056132e-01
6.990058997715932199e-01
6.991237033239832144e-01
6.998986104462693314e-01
7.001441751070111019e-01
7.007233574352687011e-01
7.009217990972897994e-01
7.018449821509131770e-01
7.031349869473486613e-01
7.032696317616936588e-01
7.041817498654777685e-01
7.042079026239764783e-01
7.045388956700308070e-01
7.059522990133941800e-01
7.067873107860365156e-01
7.072624051396254607e-01
7.085996528032560970e-01
7.086429147497376180e-01
7.087257380791978090e-01
7.091609298607894907e-01
7.092774810450059864e-01
7.106533881173753286e-01
7.132836850158836839e-01
7.135985275673637496e-01
7.137014801610628290e-01
7.138106896908730237e-01
7.153174447423444882e-01
7.159877180358753535e-01
7.164064242756653655e-01
7.172182291212505501e-01
7.176931153274244135e-01
7.179776596366007624e-01
7.200335387570395707e-01
7.206662587805739983e-01
7.220077048724191648e-01
7.223625533003417143e-01
7.236254760643570094e-01
7.240054065755032742e-01
7.247172500819731855e-01
7.247207450187449496e-01
7.252400345470533249e-01
7.255335361237301717e-01
7.258327419615333564e-01
7.269056130480772149e-01
7.275415255165493811e-01
7.278904485941295466e-01
7.280458827644644693e-01
7.281482576126423467e-01
7.283367463400288733e-01
7.284265946708804451e-01
7.296627310889072238e-01
7.318530598247015018e-01
7.326848121860578544e-01
7.337461915726475326e-01
7.343019803152590619e-01
7.349835039326169106e-01
7.350254612232705043e-01
7.352357109014944214e-01
7.360368236914935913e-01
7.369519062840549362e-01
7.373684377375716581e-01
7.376825106878543981e-01
7.386254892544673600e-01
7.401974720730879476e-01
7.404069351315683001e-01
7.410158772557466911e-01
7.413788245677134237e-01
7.414725473858586602e-01
7.424398598094275048e-01
7.425734507656944761e-01
7.427871891312515240e-01
7.435741394705882579e-01
7.442874222514135329e-01
7.443838768415680374e-01
7.445332075876802680e-01
7.450357606892989981e-01
7.463262183156016416e-01
7.465782743611064642e-01
7.473136368110337990e-01
7.484579254708473295e-01
7.488271542559871152e-01
7.495571118383487219e-01
7.503375432712136028e-01
7.503994058640728326e-01
7.512423615588462722e-01
7.522256614651343654e-01
7.522290048309588917e-01
7.536365122002104400e-01
7.536800190720127635e-01
7.542842381846111000e-01
7.547282744966057333e-01
7.548050404063875174e-01
7.548328132528395740e-01
7.553166984370410786e-01
7.553348118424036972e-01
7.561996151867730331e-01
7.562903788788037929e-01
7.564818506154487032e-01
7.565664745049104356e-01
7.568931437486845493e-01
7.570420116259241050e-01
7.572071991307214311e-01
7.579158515852362221e-01
7.581266826257835323e-01
7.590015824936865441e-01
7.602138620588527740e-01
7.608295779677307635e-01
7.610558173179029495e-01
7.661285009218512521e-01
7.664112914940429677e-01
7.667696716853518168e-01
7.669744399581304162e-01
7.670620983524123471e-01
7.671630886995384202e-01
7.672296530986401075e-01
7.679563614273657857e-01
7.692240530957050737e-01
7.695781156453835870e-01
7.700456294381785582e-01
7.704679962530083248e-01
7.705631673256734260e-01
7.705833816804371628e-01
7.707342179258003245e-01
7.711150513459229527e-01
7.713140751403622097e-01
7.718101718466688910e-01
7.721930948039394949e-01
7.722891397582485329e-01
7.724226795522632916e-01
7.725977099287744121e-01
7.727244965676407507e-01
7.742891235282878259e-01
7.743715954674408319e-01
7.745477981253947597e-01
7.746848556949677000e-01
7.748153868331986160e-01
7.749136594289440794e-01
7.755940969172687716e-01
7.756583382412138850e-01
7.757301532150495671e-01
7.764387057802506487e-01
7.777106698704339127e-01
7.778631782501739256e-01
7.786089956960406955e-01
7.790153553110898965e-01
7.790561445769297322e-01
7.791151915044978171e-01
7.795802680681301888e-01
7.797543717304030730e-01
7.804671687816687742e-01
7.813401455620501146e-01
7.817793188472869081e-01
7.819217106713836074e-01
7.824871207391804750e-01
7.824910308312673646e-01
7.825323356932080143e-01
7.840726175563852429e-01
7.843486620987550895e-01
7.845782888232490926e-01
7.850491271046009523e-01
7.853331416185429514e-01
7.860267145707970915e-01
7.864708452966937546e-01
7.866608654336847417e-01
7.867509226589184390e-01
7.873577935256766969e-01
7.875497338393330216e-01
7.891603287955928359e-01
7.896305246534178757e-01
7.901887946835284282e-01
7.902965096540527368e-01
7.903982968143150600e-01
7.914922752219042401e-01
7.918420203002989322e-01
7.928505994051721073e-01
7.945083436198813187e-01
7.950890941621037156e-01
7.951989450144433258e-01
7.959566689366912584e-01
7.964391844270054532e-01
7.971568369973978108e-01
7.974139327332416816e-01
7.976524304289941414e-01
7.983851670905365294e-01
7.984498932823056450e-01
7.985569372151298806e-01
7.987049392199269127e-01
7.987133013934578640e-01
7.987603455279175257e-01
7.991823450292527831e-01
7.999568113592623320e-01
8.002269657565554972e-01
8.006862729120851618e-01
8.008895523182633092e-01
8.018008577900224143e-01
8.023842799437258533e-01
8.027025921210909631e-01
8.028355826101656323e-01
8.036631932655275978e-01
8.036981837755572400e-01
8.037104373299768234e-01
8.049065719163819299e-01
8.049322065283246452e-01
8.050329283236727917e-01
8.054382432519696655e-01
8.061540103243403088e-01
8.062617615474343413e-01
8.065182310892407003e-01
8.067423130868971448e-01
8.074925502904836128e-01
8.080974899706344639e-01
8.086939250414449942e-01
8.093068313807418868e-01
8.100105667010755184e-01
8.100305263950243750e-01
8.105334401749859641e-01
8.114639463133141994e-01
8.118417006977313166e-01
8.122413322918478062e-01
8.123910895557443501e-01
8.125161969286582853e-01
8.132663242090252265e-01
8.134187583838069502e-01
8.135285319567113760e-01
8.145533176994088631e-01
8.155287131141972790e-01
8.156487120095479160e-01
8.158337783985014635e-01
8.159622372284776048e-01
8.166417294929761983e-01
8.167544773496202559e-01
8.173588778838531965e-01
8.174873424151382073e-01
8.178249037739211413e-01
8.187955280060381646e-01
8.190069682317805411e-01
8.193162064006052070e-01
8.194647959600932507e-01
8.212511395397451563e-01
8.212699116707170566e-01
8.215652250448666205e-01
8.217294653024305173e-01
8.220216628033965023e-01
8.221808606628348004e-01
8.223161106998280179e-01
8.225681948207574923e-01
8.226241296841305672e-01
8.234888099660495620e-01
8.235732922208024442e-01
8.237837815524162721e-01
8.241287447510146080e-01
8.241772026282980779e-01
8.245912973157112358e-01
8.260459605223722246e-01
8.261443559464958231e-01
8.263521521603023334e-01
8.265380122263066287e-01
8.271304387825618720e-01
8.271404535059536656e-01
8.272396011564776552e-01
8.276324342936007827e-01
8.277283050195015646e-01
8.280449476565199252e-01
8.290667743665450784e-01
8.295528496729014378e-01
8.302764374327293861e-01
8.304241674309372767e-01
8.305139668955738852e-01
8.312427427223336718e-01
8.323091029140092800e-01
8.325077061030309311e-01
8.325089137805482542e-01
8.327409374582013246e-01
8.329193517770425714e-01
8.338934789117286028e-01
8.339204564779375550e-01
8.346075731783224594e-01
8.347164698410780570e-01
8.356650668639671320e-01
8.358736502309724870e-01
8.361782911092746629e-01
8.367161802445903795e-01
8.367445714194883255e-01
8.370324157840943746e-01
8.371397136437365161e-01
8.388821138364962460e-01
8.389950597377610064e-01
8.389973353737010253e-01
8.395996578830299262e-01
8.412017869740130438e-01
8.412759346607140420e-01
8.422988779343233423e-01
8.430023099759249572e-01
8.430615072809145571e-01
8.431056325081438541e-01
8.432917647738769062e-01
8.446735706482533246e-01
8.466048201261147099e-01
8.474255595470173708e-01
8.482709818685154612e-01
8.485282076724756095e-01
8.494412552267273098e-01
8.496540277936504015e-01
8.498117102044931981e-01
8.500500621154446490e-01
8.503381505773676130e-01
8.506774336526943259e-01
8.506835627415599843e-01
8.507677059196626645e-01
8.508066463509240673e-01
8.509053077037638246e-01
8.512064237637255726e-01
8.513968240458442693e-01
8.526679282803610871e-01
8.527485008924078347e-01
8.534241663039873194e-01
8.538395514126574382e-01
8.538981258441634692e-01
8.551050135309644640e-01
8.555072535430189307e-01
8.559044792095569232e-01
8.559132545958983984e-01
8.573773113505231969e-01
8.577924734420759867e-01
8.583306679886855139e-01
8.586202410440796351e-01
8.588471996775800532e-01
8.592651481080137987e-01
8.609884328531705044e-01
8.610471373699720710e-01
8.620474086664788871e-01
8.621347728316098857e-01
8.622931940977931475e-01
8.625970531645688055e-01
8.627995423749565962e-01
8.628494085151563464e-01
8.628534783888510695e-01
