0.0381996532292
0.0581544039121
0.1479893002
0.148063578481
0.156632357012
0.15806953057
0.160144204437
0.183356183827
0.195104441977
0.20724059744
0.209327231801
0.209431616579
0.225864737969
0.230253773162
0.243639287434
0.245761505191
0.251989935656
0.256643967157
0.267749171663
0.268763876184
0.27160216256
0.274802597739
0.283722100164
0.284071428177
0.28887639329
0.291392084223
0.30802464716
0.311188546822
0.314298288518
0.320131525492
0.320787689506
0.321027143552
0.327351659414
0.327561127521
0.337634766308
0.337982729018
0.340965663698
0.345768761773
0.347179731781
0.349561096859
0.351446226684
0.352769452092
0.352835178868
0.353590589607
0.353907886095
0.354037748556
0.355368130858
0.356487652844
0.359269246352
0.36994958648
0.369992849242
0.37018168649
0.370296414346
0.370992713734
0.372385129348
0.385673823672
0.391823470007
0.392535598721
0.397961253821
0.405610370173
0.408175786944
0.409321015846
0.409836732567
0.413060711607
0.414835708585
0.416937127124
0.417972484878
0.423617505583
0.42721764852
0.427328873254
0.431398558184
0.432128038998
0.433559349873
0.445701735006
0.44572458015
0.447965506482
0.451577170671
0.457071465191
0.458002250749
0.461471375284
0.465214191778
0.46728375246
0.469119198828
0.470361728423
0.47170491712
0.474864760919
0.474935609958
0.476549077426
0.477921967403
0.478654105846
0.47870255435
0.479621460087
0.47966209965
0.480221390004
0.480351151372
0.482308775501
0.482681274187
0.483653522741
0.484355754035
0.485210661516
0.488111145987
0.488869457195
0.489373764572
0.489845112264
0.491532082797
0.492531339137
0.493865237681
0.499534986123
0.500189976014
0.501003421347
0.502277803134
0.503774643856
0.504306624164
0.506590834433
0.508350195265
0.509523529483
0.510423411666
0.511606989309
0.514057066278
0.516359527686
0.516508812258
0.518040361446
0.519833061378
0.521193341608
0.521679300925
0.522019521831
0.528770217625
0.529048465457
0.529432814355
0.529815472721
0.534006202916
0.534311623527
0.539745943616
0.540713738722
0.540952934433
0.542106176517
0.54346106596
0.543517441888
0.544783685774
0.550136851972
0.552467170796
0.553869128062
0.554245275383
0.554953120056
0.555890463597
0.557179084255
0.560686779004
0.560749828573
0.561170527655
0.563204666223
0.563732106243
0.565119791527
0.566102528482
0.566351067619
0.566885976757
0.568767162809
0.569808519766
0.575140068544
0.578312497784
0.579576637981
0.580943057857
0.580957861275
0.582071640654
0.582154385351
0.582184023616
0.582559340768
0.583460927296
0.584943627105
0.585644087495
0.585650908969
0.585765580026
0.586180436208
0.586510667763
0.587348703402
0.590416450074
0.592540425338
0.592795768706
0.592810967807
0.594850320577
0.595528248194
0.600529753891
0.601049606108
0.601397423779
0.603637420064
0.603704110156
0.605071186031
0.609935077043
0.609994584172
0.612548606939
0.612707142894
0.613888427802
0.614365058693
0.614939107573
0.615010494901
0.615954926889
0.61805043517
0.618284984248
0.619104882158
0.620368827475
0.621738346215
0.622216546455
0.622909640954
0.623451978961
0.626065574473
0.626302894436
0.627016700724
0.628636672617
0.628721829192
0.631799288978
0.632181426909
0.633711869247
0.633959963358
0.634766728531
0.63544666252
0.638224930171
0.638391959859
0.639028932956
0.639952574084
0.640073928263
0.641763064685
0.644453604022
0.645393758743
0.647824073755
0.648838158089
0.649412005484
0.650835083312
0.653002196791
0.654490511253
0.654725344256
0.655240702342
0.655867053154
0.657359018161
0.659240477685
0.660314658923
0.662274227854
0.663373239078
0.665991822642
0.666041152281
0.666106978732
0.667216624875
0.667379015886
0.671383872974
0.671847617758
0.672734899162
0.673638294412
0.673700363059
0.676097957379
0.676120055094
0.677001617246
0.678012646667
0.678786174368
0.679859356523
0.681053696036
0.68135266971
0.683965504639
0.684032247666
0.684188154465
0.684873520333
0.685320998108
0.68544869911
0.687134266697
0.687864370101
0.688234655529
0.693662710336
0.695195063263
0.696397316927
0.698553033607
0.699759421711
0.700994769665
0.701180494186
0.701555559192
0.702775550535
0.703012728727
0.703224502302
0.703687674708
0.703837653868
0.703965504119
0.705703006733
0.705766760509
0.705990643646
0.707298241256
0.707823086487
0.709340461798
0.709366734719
0.710755039741
0.711742293692
0.712457147036
0.712960180381
0.713197418747
0.713352686775
0.713514313079
0.713784642806
0.714561371837
0.714778641936
0.714842555787
0.716796261103
0.717030819382
0.717091646984
0.717204547903
0.717893123511
0.719195495712
0.719966897098
0.720780636355
0.721215549614
0.722046169098
0.724248241668
0.726394762154
0.727223538671
0.729041165431
0.729282281941
0.730494666201
0.730606639864
0.730638266524
0.73106206454
0.731213020711
0.731466824584
0.731510575629
0.731616015122
0.731618938247
0.734735656757
0.734911342039
0.735113533451
0.735879947191
0.73678646481
0.737287186169
0.737992551122
0.738233972223
0.739284909802
0.739321165403
0.739540943579
0.741536494125
0.742184066194
0.742358386496
0.742505677242
0.742900908484
0.74295537681
0.743364254105
0.745675210686
0.745980794312
0.746664834347
0.748365576564
0.749666419399
0.750711055718
0.750962459483
0.751589735261
0.752307549296
0.752408224749
0.754027724166
0.754727982789
0.75530365585
0.755478999139
0.755516628006
0.756267455669
0.75642610444
0.757695813288
0.75813392342
0.758663265051
0.760668670461
0.760800999457
0.76081177051
0.76138152116
0.762004981895
0.764323734086
0.766746544195
0.767019424527
0.770064286897
0.770084818916
0.770174711506
0.770917359921
0.771956433246
0.773127297889
0.773921820806
0.774051724877
0.774257795786
0.774472513845
0.774844975044
0.77547687369
0.776183890073
0.776512160604
0.77679874642
0.779766341123
0.78079441228
0.780917850303
0.781920864015
0.78195272596
0.782082638749
0.786182414477
0.786955490505
0.788331918324
0.788459413539
0.789005110601
0.78911873425
0.789738358174
0.790372388337
0.791321594715
0.791418051009
0.792300554909
0.792424694789
0.795345111057
0.795467064314
0.795982773513
0.796467972491
0.798655613392
0.799245144114
0.799431317763
0.800222895815
0.800711519844
0.800719428154
0.804639292453
0.806188651567
0.806769895149
0.807015653431
0.807727886418
0.808564116207
0.809930756227
0.0602397291633
0.0839131560743
0.0877985114419
0.0892202460544
0.078240534689
0.0746002736029
0.0725383665017
0.0409953979735
0.0842009130149
0.0484457311133
0.0602098539613
0.0396719799672
0.058848505625
0.0418970877457
0.086296572365
0.0723795271296
0.0421661880001
0.0933970083132
0.09775821286
0.0895424906824
0.0830195338383
0.0688084692973
0.0855717190804
0.074401676891
0.0459367402872
0.043972863676
0.056099369951
0.0907338039698
0.0771580617017
0.0496016155343
0.0975227133088
0.0547841602141
0.0390827650498
0.0783767281259
0.0469176460394
0.0546140821787
0.0783396213437
0.0381466751521
0.0634310315259
0.0461296437722
0.0670183831255
0.0996440054333
0.0995200522237
0.0374610544026
0.0928913786955
0.0693365402539
0.0426973334495
0.0308772397909
0.0794425670467
0.0796291228557
0.0566514294158
0.0460069786603
0.0714295334823
0.0420340991822
0.0466501987382
0.0347977827985
0.0509093604829
0.0748775706716
0.0750037051521
0.0697781693193
0.0956029432265
0.0818178865689
0.0537119902356
0.0589711236335
0.0991339299117
0.0520326504732
0.0903035583424
0.0661005075116
0.0433135957252
0.0718812285719
0.0496195012706
0.0945722599602
0.096955840572
0.0520587088697
0.0748447191611
0.0600528629535
0.0515784511954
0.0884951977916
0.0706423314847
0.0505457669594
0.0790205110076
0.0426429709687
0.0964251425643
0.0433654064551
0.0939858963236
0.0506275199702
0.0814597712341
0.0611033642579
0.0908307282116
0.0548224450727
0.063981849758
0.0717730235262
0.0968671796133
0.0789830595015
0.0400523500628
0.0934017224254
0.0644595378029
0.0415568802226
0.0890034251216
0.0675347237319
0.0980559766676
0.0360139329229
0.0655150099673
0.0892845190328
0.0470502523441
0.0647110570126
0.0312596891823
0.0934640989438
0.0721130386059
0.0584867766845
0.0844504625488
0.0680437674428
0.053195054493
0.061456339229
0.036129356915
0.0747576342274
0.0747135111963
0.0765664078305
0.062477636538
0.0388283583473
0.0980698281627
0.0935985493877
0.0421845836549
0.0869078275391
0.0351518543119
0.078448029259
0.0937930417475
0.0506049231638
0.0362979205296
0.0607149593864
0.0805966008189
0.0692385774048
0.0560445661281
0.0841672087137
0.0604436575544
0.0864842763634
0.0839210147783
0.0771627099742
0.0814526865641
0.0530206278077
0.0530313146885
0.0979713735423
0.0933804675118
0.0396046812844
0.0617301642973
0.0317900250769
0.0301565677805
0.0676825665762
0.0817878448365
0.0583876588063
0.0608833040645
0.0954026507489
0.0886309274295
0.045502605075
0.0967609220873
0.0395940612153
0.047744507759
0.0431370484668
0.0899054398501
0.0573353155727
0.0367387811973
0.0975722863101
0.0427268715207
0.0926190676056
0.0763000106355
0.056947493733
0.0441019145902
0.0378517722446
0.0909588106081
0.0862563458178
0.0932189568424
0.037690499826
0.0990536483299
0.0840296912722
0.041937437855
0.0443207163011
0.0575085616694
0.0646911367306
0.0933260829154
0.0571139387083
0.092594806466
0.0838587302968
0.0941053181412
0.0877703447421
0.0356472478006
0.0433063876378
0.0326468486703
0.0492701769614
0.0624712404588
0.0565961390199
0.0329697114178
0.0962447103509
0.0907647851753
0.065586550853
0.0810825493574
0.082787413053
0.0703959776568
0.0740414812841
0.0651176442384
0.0779109238105
