1.107514559594977854e-01
1.629345969248451598e-01
2.914031832457933402e-01
3.012814163118790467e-01
3.035798640443860830e-01
3.523371561272783947e-01
3.740524507090731143e-01
3.838720522808063973e-01
4.117489394955906601e-01
4.617705782301050332e-01
4.664116284412938573e-01
4.949528908504446378e-01
5.006428690454964858e-01
5.042142527612424319e-01
5.325470077770038113e-01
5.595601393196114604e-01
5.661720247526695893e-01
5.745211879761349394e-01
5.820287915310430327e-01
5.832806284936966623e-01
5.864540853805432219e-01
5.874673469077983379e-01
5.947231678170291636e-01
6.052194740301166664e-01
6.338111838160787048e-01
6.363805417257257790e-01
6.468764968208005062e-01
6.472724922742996156e-01
6.540056178888363769e-01
6.548808239271677323e-01
6.586147170073157753e-01
6.603203817427931721e-01
6.637131394902788806e-01
