3.250125121463642158e-02
9.843856136452287797e-02
5.550525744795608424e-02
7.259460087846567045e-02
5.763594282088961573e-02
5.312636679411882057e-02
9.090306014334548212e-02
3.845519841142498729e-02
8.975952938696987737e-02
5.001771725147311637e-02
7.366070298472499056e-02
4.245276436315979091e-02
5.398254762508719606e-02
7.178023221853614688e-02
3.765454505672177765e-02
3.185574976075187387e-02
5.018911410762096070e-02
5.449047335681542203e-02
3.064455465537059553e-02
5.867325094396506208e-02
7.144375927509889757e-02
9.656519492276381678e-02
4.566746858495870920e-02
7.221527147256422141e-02
8.057200052436302995e-02
9.546469560521099462e-02
5.402390449006075346e-02
7.186710367329304794e-02
7.485755522868361989e-02
9.774597215466958311e-02
3.117676245462333920e-02
5.735186678360739559e-02
6.250388520925198588e-02
6.015278259944632083e-02
5.322160232099168442e-02
8.120209908007094968e-02
5.278989527113217561e-02
7.757232047028680966e-02
7.007738579201801266e-02
3.694031218263799099e-02
8.074193363322287875e-02
7.357402934751980372e-02
6.169123357566975996e-02
6.370788699234776475e-02
9.512470979856658959e-02
6.358832752356013973e-02
8.257236738823933719e-02
4.760604321131394617e-02
7.637585871829634387e-02
5.690471851307854489e-02
8.811700730854279962e-02
8.241006315650609149e-02
9.911553250235483059e-02
9.394084866534802014e-02
6.395155125951651476e-02
9.677180371436276685e-02
9.633686652331423239e-02
6.758632558144397895e-02
9.149344171673282067e-02
4.922577794867499107e-02
5.478495294364521540e-02
3.521179240597343413e-02
7.701994896410288560e-02
7.970672696050129513e-02
8.327154764896060879e-02
7.986757040918253392e-02
5.509917767089610868e-02
3.534751585553502079e-02
9.617962500916801827e-02
8.914886915239179921e-02
5.527358763188894297e-02
4.440670949668941436e-02
8.847909850910465335e-02
9.615273499395422807e-02
7.790554526285944914e-02
6.888902285220162292e-02
5.292851883794950918e-02
4.157588232713212151e-02
9.978976274779707833e-02
6.655870542281097646e-02
4.830738833161189738e-02
4.519334245997802535e-02
5.279541184790854241e-02
3.037618930115583080e-02
6.095456692093933343e-02
8.785876693937200166e-02
8.911935320532177185e-02
4.637716683605278001e-02
5.623756952002889609e-02
4.267007056303841889e-02
5.862632982386804803e-02
7.600763173824209851e-02
5.916370466469365874e-02
4.369853216791988459e-02
3.416388871460669663e-02
4.774388586096038611e-02
7.138359291510569526e-02
8.854070494706373085e-02
8.925697896566375800e-02
5.700607151957737956e-02
3.948794205539397084e-01
4.386119784201437111e-01
4.073263882803099811e-01
3.828641037574251893e-01
3.885363692299213523e-01
4.146467186765237511e-01
3.582155643732090611e-01
4.064683713122834163e-01
3.711556224868725051e-01
4.308544952309223408e-01
3.588500211630111236e-01
4.336693582699111538e-01
3.528887093372113926e-01
3.842529011071048606e-01
4.145188413945964934e-01
4.072910914364248347e-01
3.598349439180595355e-01
3.585325203500560054e-01
3.822327862521746056e-01
4.345793383313655278e-01
3.984052013457865526e-01
4.120036820217485851e-01
4.114471146712745941e-01
3.704789636337544323e-01
3.836948906253600522e-01
3.609903739144744161e-01
3.627088535823869697e-01
3.762403026626457425e-01
3.816337534699016376e-01
4.372391846038177210e-01
4.832195443668751977e-01
5.374855310486299498e-01
4.812343344646577425e-01
4.807333079180358126e-01
5.349770611107671492e-01
4.948757202317901616e-01
4.882459663673051065e-01
5.125665120397605579e-01
5.352077041974772076e-01
5.123973564579522577e-01
5.248187541509964360e-01
5.253158555918011619e-01
4.886579264412415080e-01
4.804732148975717210e-01
4.885022190199737047e-01
4.990779421057007781e-01
5.314987951506625619e-01
4.916702332377468898e-01
4.996914845738581468e-01
5.097294211657773522e-01
5.382321641713427862e-01
5.215923390810772720e-01
4.862353210759763344e-01
5.107416072019386188e-01
5.005637448542376022e-01
5.046548646084639822e-01
5.293479248251318214e-01
5.101156373712748548e-01
5.302456831436477280e-01
5.037291665013386988e-01
