5.998756922695558380e-02
6.585893008941655358e-02
7.277564237205461084e-02
8.221279417484245178e-02
8.569025847274826246e-02
9.663998847502910938e-02
5.549090511276631721e-02
7.487015069573969839e-02
8.210076708688382463e-02
2.928378043894161453e-02
8.758557042964967843e-02
5.320053970226353013e-02
2.364137621555361529e-02
3.167894534027111686e-02
8.767757976503079420e-02
7.417163029265440299e-02
6.221454479107833835e-02
4.400445376532063912e-02
7.243570069232058151e-02
4.401582531874009829e-02
4.539304273621103114e-02
6.689576758524758138e-02
2.149579101575179590e-02
7.545224074359244137e-02
5.139083962383997339e-02
9.297104936320874091e-02
6.865561666249629658e-02
2.827472243125752488e-02
7.933970798161836535e-02
6.521525157183166721e-02
8.635157851983772670e-02
7.500471424479386584e-02
4.119388886978775366e-02
3.804279147980960119e-02
9.294341908548421627e-02
3.753641240335202356e-02
3.322709749239265153e-02
5.698514060615103571e-02
2.184954089126176988e-02
8.410447886947965135e-02
5.015339218446315805e-02
4.866075051281838065e-02
6.894218211788363804e-02
9.695973382580821975e-02
4.445818360653928242e-02
7.618246373902808066e-02
9.350184792831046920e-02
9.398442489636511799e-02
5.800785047971450392e-02
8.664149694049745609e-02
9.031814602824818350e-02
9.423443524563770990e-02
7.257448815217824867e-02
6.066865399114948487e-02
8.953096359821170747e-02
7.819425340296602689e-02
5.201632141979160850e-02
5.689464662717495791e-02
2.522980698124690016e-02
9.259924258382885853e-02
8.005189363115305934e-02
6.656092708813099446e-02
6.815293125405208485e-02
6.867339845910350182e-02
6.420900358701707444e-02
4.033753388812720553e-02
3.586428169225590323e-02
4.926841012100366402e-02
5.504873920831868106e-02
6.615011218687516514e-02
6.227190258733297790e-02
3.246849842704193495e-02
8.513672297539845446e-02
9.668078212043118569e-02
7.646293266775862352e-02
5.019384062413943803e-02
7.492490168318767518e-02
3.976693749114218468e-02
8.720191998453487303e-02
5.511826684395795817e-02
7.115008080434655213e-02
3.402670597410058229e-02
6.808272203389970079e-02
4.970042236523403156e-02
2.107998511252963045e-02
9.413678873988927387e-02
2.625209339569162942e-02
9.180246448537073001e-02
3.790899973525482802e-02
9.422357293198523054e-02
9.728220587923566698e-02
4.201845450998932530e-02
9.613223469359970241e-02
6.205931251116778014e-02
4.658903205757670973e-02
4.346599896514004302e-02
6.182070163227128268e-02
3.248411564037372024e-02
4.001924572405586578e-02
3.109759925306669961e-02
6.428093332459278164e-02
9.868861584745926285e-02
1.110680211947210477e-01
1.163623916563028132e-01
1.454113879161463008e-01
1.467661962408775000e-01
1.513095884115348289e-01
1.521044040085623161e-01
1.524994110443514683e-01
1.657002164666933341e-01
1.725317225774760932e-01
1.757603093580769882e-01
1.783648612975518299e-01
1.855342275245308314e-01
1.865512835275503489e-01
1.967126319842306126e-01
2.005635750299122333e-01
2.020741012853319585e-01
2.100065770723869851e-01
2.110073991931344095e-01
2.132037861537182943e-01
2.175625805796562173e-01
2.247127706476032549e-01
2.274138015261727985e-01
2.299677488153970828e-01
2.306652938310392031e-01
2.352801612195027092e-01
2.382964489089626769e-01
2.395392438639087351e-01
2.423227078511497601e-01
2.461124085061519584e-01
2.461215111274900058e-01
2.553302906315825793e-01
2.607649916940614765e-01
2.656109130754250036e-01
2.678575703658596652e-01
2.683822229778174973e-01
2.741919518938924494e-01
2.759541578186628374e-01
2.816236711275643678e-01
2.821000823236128885e-01
2.827333754778503794e-01
2.872166458359055041e-01
2.880856214479396438e-01
2.916526157722292290e-01
2.929110902635988500e-01
2.946878507698690308e-01
2.952016054139948720e-01
2.956012997356594063e-01
2.961894083511284470e-01
2.993548463234649848e-01
3.044749953545171639e-01
3.058237454447580994e-01
3.068813730926649996e-01
3.073783236378165862e-01
3.118084017828846033e-01
3.132795053862210133e-01
3.169532278809825132e-01
3.175286509057301254e-01
3.185832140349953434e-01
3.248152794076686334e-01
3.271733309372878984e-01
3.272144548820412613e-01
3.275983000833873060e-01
3.281415042928593762e-01
3.315084424243758265e-01
3.323709335699288614e-01
3.397061637773336473e-01
3.418907526902101868e-01
3.437783938677036466e-01
3.455046471876819791e-01
3.466061758199804332e-01
3.468458771111675443e-01
3.505159770520924756e-01
3.510008655819890633e-01
3.520482451486764974e-01
3.522552655382584774e-01
3.540102658654323831e-01
3.544464105247556174e-01
3.570955632141983305e-01
3.572225244312617898e-01
3.581014878593458128e-01
3.626306040162403654e-01
3.630635391112292387e-01
3.672773210146076384e-01
3.678125964448418217e-01
3.709425263849395193e-01
3.720245720111565735e-01
3.749489155940465834e-01
3.760854095412843323e-01
3.770378487485465113e-01
3.796472966212830480e-01
3.797939637372573785e-01
3.802609667820338046e-01
3.807822226698329704e-01
3.837922545550440101e-01
3.848659505865811292e-01
3.855723850484416015e-01
3.918201225282941791e-01
3.925724057087546237e-01
3.929210269136866329e-01
3.966278775956471603e-01
3.977339128602176421e-01
3.983127627670634552e-01
3.996987776149767413e-01
4.012864352114691169e-01
4.052810103069895420e-01
4.054023632979801284e-01
4.062272610488151803e-01
4.078826990737878799e-01
4.115104977390348084e-01
4.179542466126219269e-01
4.231243677923627877e-01
4.235270578480864745e-01
4.251480319778258576e-01
4.271876519845970166e-01
4.298471200019288729e-01
4.299736561061522355e-01
4.308249089063877491e-01
4.318249901507619781e-01
4.329997383016105927e-01
4.342879318004309042e-01
4.344715529843130586e-01
4.348913287608502376e-01
4.356756543558826800e-01
4.364584683529488252e-01
4.380144757844496861e-01
4.409748040386592960e-01
4.415575727773990988e-01
4.436477166018781837e-01
4.436831986968114983e-01
4.461880747869492736e-01
4.498908126121859419e-01
4.502982155932123698e-01
4.507564116585511815e-01
4.514264731839573996e-01
4.521533598120656139e-01
4.534063869766905563e-01
4.534105391606831903e-01
4.558929153983262150e-01
4.573662372882070226e-01
4.575881626269334701e-01
4.582425650855702637e-01
4.601412613226603110e-01
4.608145778329479914e-01
4.649458760055329987e-01
4.666553681347088145e-01
4.667390061749734365e-01
4.682921791720331961e-01
4.718259398095090429e-01
4.727542908481709993e-01
4.730755612656559750e-01
4.744002334782487229e-01
4.746503394997881875e-01
4.787000489174113027e-01
4.791424361324826409e-01
4.796492094928070937e-01
4.799749531499449828e-01
4.800151628328687137e-01
4.805974312495077672e-01
4.827091711797403262e-01
4.857419403099906829e-01
4.881818501990992099e-01
4.889197495173968622e-01
4.890096176805788231e-01
4.891934567529193090e-01
4.892642126711299611e-01
4.906584840883330134e-01
4.911446838892921107e-01
4.951722032991096034e-01
4.956676140021925581e-01
4.972282924768757773e-01
4.982208243216409982e-01
4.988909719443512802e-01
4.989234573247899318e-01
4.991721660947207040e-01
4.993241639768283280e-01
4.999923618482536858e-01
5.031869632383656477e-01
5.040290058594596445e-01
5.049100315896069002e-01
5.050833644034459224e-01
5.067320893624552847e-01
5.091665316808651198e-01
5.092273281193763212e-01
5.096370383041659569e-01
5.097540142000207553e-01
5.103225062523004674e-01
5.103480194014995419e-01
5.106874067217914703e-01
5.116091642257917238e-01
5.124541229857700886e-01
5.142513440314901985e-01
5.143814668051760464e-01
5.151459533037636707e-01
5.168349316469800225e-01
5.183223753189876160e-01
5.188350255051260573e-01
5.199382811205011112e-01
5.201890955024349728e-01
5.204034510152957260e-01
5.234768436084346055e-01
5.237091107797048339e-01
5.237123507571117553e-01
5.245536063213496192e-01
5.245717778869561920e-01
5.256786993634765537e-01
5.260005645768198734e-01
5.263404566803370210e-01
5.277922255824755160e-01
5.318950526502559395e-01
5.322087319849748699e-01
5.327200372246829740e-01
5.358805387802235698e-01
5.361429425567805218e-01
5.365248787713450263e-01
5.366992861701896933e-01
5.376142967204411427e-01
5.401770198778206300e-01
5.417091092689755305e-01
5.428175924264713181e-01
5.437949432030895203e-01
5.456304554476790747e-01
5.457423908799344803e-01
5.468539250186571499e-01
5.493706846796247989e-01
5.497348145083347237e-01
5.512627008868921097e-01
5.537701581593327260e-01
5.547456545864503097e-01
5.548223554452624828e-01
5.549527410422134821e-01
5.593516899290763567e-01
5.599882911666562713e-01
5.602434118150749764e-01
5.603435853813943934e-01
5.607838461952137088e-01
5.619708944598423850e-01
5.632835595481541224e-01
5.654844105384352337e-01
5.655168393419740536e-01
5.659579317436111978e-01
5.672178247963706177e-01
5.676373999501745926e-01
5.689012642600189684e-01
5.699821066227807043e-01
5.706145517241920651e-01
5.708064564944184127e-01
5.711370178935570863e-01
5.723828914290336467e-01
5.725204451845690157e-01
5.768132522814510832e-01
5.791507162464373248e-01
5.801234650191746667e-01
5.817022699854975665e-01
5.818601558144930186e-01
5.819594141622757011e-01
5.824334255270822158e-01
5.831243317818790572e-01
5.877945543294759156e-01
5.881306424514050057e-01
5.885896064828169960e-01
5.936057039527061763e-01
5.940005028095071138e-01
5.963351830171079726e-01
5.968967945494858540e-01
5.977380667192988550e-01
6.032719280452192301e-01
6.060308084291202713e-01
6.065126874759639852e-01
6.066221193885554808e-01
6.066990076877591953e-01
6.069278692559342270e-01
6.070530699287290943e-01
6.073725486158292330e-01
6.075639992352619423e-01
6.092000170057738639e-01
6.092492998630181233e-01
6.097467613032516720e-01
6.098137692500373852e-01
6.107200712551997812e-01
6.112578341878739385e-01
6.118295590155249375e-01
6.127374294848577652e-01
6.133786860605567881e-01
6.146654446827478635e-01
6.159748423243247561e-01
6.160776800970042544e-01
6.161821422859918851e-01
6.170306671481617933e-01
6.183081710146139942e-01
6.194366753681077586e-01
6.196576627642442769e-01
6.199817123113410267e-01
6.204526246071004891e-01
6.218660009838190561e-01
6.220464580129302368e-01
6.223287474830829780e-01
6.226467864342219993e-01
6.236359409884417726e-01
6.236431251667168274e-01
6.239991145345036294e-01
6.244447116839522138e-01
6.246064274934851612e-01
6.248475236305619518e-01
6.252590963614639286e-01
6.257469610869226262e-01
6.286818329764449764e-01
6.320880762322205193e-01
6.327768115092544665e-01
6.334501681233887238e-01
6.343884727983464256e-01
6.350068089579534725e-01
6.352116292421365884e-01
6.359943597046540109e-01
6.367543334510030739e-01
6.375934726503802441e-01
6.379868548946392437e-01
6.405749543176396665e-01
