5.030839999999999756e-01
5.807240000000000180e-01
4.947949999999999848e-01
3.459280000000000133e-01
6.776619999999999866e-01
6.107120000000000326e-01
8.664939999999999864e-01
3.309320000000000039e-01
7.985659999999999981e-01
4.495620000000000172e-01
3.714430000000000232e-01
2.917179999999999773e-01
3.558200000000000252e-01
4.612740000000000173e-01
2.836099999999999732e-01
6.322339999999999627e-01
4.664139999999999953e-01
2.686239999999999739e-01
9.468900000000000095e-01
9.249169999999999892e-01
6.931650000000000311e-01
6.252330000000000387e-01
8.969439999999999635e-01
6.082610000000000516e-01
7.890540000000000331e-01
5.782920000000000282e-01
5.902800000000000269e-01
7.196259999999999879e-01
2.100319999999999965e-01
7.665899999999999936e-01
8.585129999999999706e-01
3.679040000000000088e-01
5.587459999999999649e-01
8.485089999999999577e-01
9.963899999999999979e-01
7.765940000000000065e-01
5.829320000000000057e-01
5.837430000000000119e-01
7.965520000000000378e-01
5.887210000000000498e-01
9.134729999999999794e-01
7.685870000000000202e-01
9.484550000000000480e-01
5.137930000000000552e-01
7.336089999999999556e-01
6.377009999999999623e-01
7.655880000000000463e-01
4.348609999999999975e-01
9.834070000000000311e-01
5.837430000000000119e-01
7.006310000000000038e-01
6.620580000000000354e-01
8.381260000000000376e-01
6.218740000000000379e-01
3.705860000000000265e-01
4.166320000000000023e-01
3.585699999999999998e-01
4.516809999999999992e-01
5.227619999999999489e-01
7.339959999999999818e-01
7.019649999999999501e-01
7.420080000000000009e-01
7.461179999999999479e-01
3.495599999999999818e-01
5.918350000000000000e-01
5.147460000000000369e-01
6.206319999999999615e-01
6.436460000000000514e-01
1.002795000000000103e+00
4.705860000000000043e-01
6.106430000000000469e-01
2.634870000000000267e-01
3.583359999999999879e-01
7.426970000000000516e-01
4.515560000000000129e-01
9.107520000000000060e-01
5.526050000000000129e-01
3.375340000000000007e-01
7.506810000000000427e-01
9.837770000000000126e-01
8.226970000000000116e-01
8.136959999999999749e-01
9.507630000000000248e-01
8.177320000000000144e-01
3.405199999999999894e-01
9.607510000000000217e-01
8.107199999999999962e-01
7.566869999999999985e-01
6.112520000000000175e-01
8.779709999999999459e-01
5.483249999999999513e-01
8.090319999999999734e-01
1.028799999999999937e+00
6.272389999999999910e-01
4.224519999999999942e-01
9.338999999999999524e-01
7.011579999999999480e-01
6.971640000000000059e-01
6.851789999999999825e-01
7.670749999999999513e-01
9.319009999999999794e-01
8.639780000000000237e-01
7.490999999999999881e-01
5.143529999999999491e-01
4.684059999999999890e-01
4.703979999999999828e-01
9.588710000000000289e-01
9.279089999999999838e-01
8.405219999999999914e-01
6.306990000000000096e-01
5.627510000000000012e-01
6.156979999999999675e-01
8.285280000000000422e-01
5.647410000000000485e-01
5.787449999999999539e-01
5.577429999999999888e-01
8.644969999999999599e-01
7.356080000000000396e-01
8.585070000000000201e-01
2.619839999999999947e-01
5.857430000000000136e-01
7.615800000000000347e-01
4.888000000000000123e-01
8.585159999999999458e-01
6.886560000000000459e-01
5.587429999999999897e-01
3.245319999999999871e-01
4.807040000000000202e-01
1.853710000000000080e-01
9.222209999999999575e-01
6.819420000000000481e-01
4.757069999999999910e-01
9.222099999999999742e-01
8.931829999999999492e-01
4.286460000000000270e-01
6.318820000000000547e-01
6.999600000000000266e-01
7.360069999999999668e-01
5.758229999999999738e-01
4.186329999999999774e-01
5.117460000000000342e-01
5.357709999999999972e-01
6.418930000000000469e-01
7.349959999999999827e-01
3.515599999999999836e-01
6.098599999999999577e-01
3.495570000000000066e-01
7.019689999999999541e-01
3.552609999999999935e-01
9.832800000000000429e-01
8.721520000000000383e-01
7.590299999999999825e-01
9.262200000000000433e-01
6.436420000000000474e-01
4.195690000000000253e-01
5.155870000000000175e-01
8.907289999999999930e-01
8.056959999999999678e-01
4.805679999999999952e-01
8.006969999999999921e-01
5.806040000000000090e-01
7.156519999999999548e-01
8.056950000000000500e-01
7.666840000000000321e-01
6.646379999999999511e-01
9.017359999999999820e-01
7.456650000000000222e-01
7.186799999999999855e-01
7.366899999999999560e-01
5.796000000000000041e-01
3.705309999999999993e-01
9.607400000000000384e-01
8.507289999999999575e-01
6.486399999999999944e-01
2.194619999999999904e-01
9.367550000000000043e-01
6.476389999999999647e-01
4.615639999999999743e-01
6.006029999999999980e-01
6.706539999999999724e-01
7.606979999999999853e-01
2.464919999999999889e-01
4.705730000000000190e-01
1.694549999999999945e-01
4.973790000000000155e-01
6.382339999999999680e-01
5.073710000000000164e-01
5.353269999999999973e-01
5.872849999999999460e-01
7.730810000000000182e-01
6.991659999999999542e-01
3.705109999999999792e-01
7.610890000000000155e-01
6.991690000000000405e-01
7.880599999999999827e-01
3.735129999999999839e-01
4.054780000000000051e-01
8.529940000000000300e-01
8.080479999999999885e-01
6.032720000000000304e-01
5.832899999999999752e-01
5.343350000000000044e-01
7.201400000000000023e-01
4.004849999999999799e-01
8.370039999999999702e-01
3.715080000000000049e-01
8.060410000000000075e-01
8.400050000000000017e-01
5.007279999999999509e-01
5.327650000000000441e-01
5.337659999999999627e-01
9.322289999999999743e-01
8.221030000000000282e-01
5.537969999999999837e-01
1.252979999999999927e-01
8.421229999999999549e-01
4.436680000000000068e-01
7.276749999999999607e-01
6.836590000000000167e-01
4.425479999999999969e-01
7.266789999999999639e-01
2.825099999999999834e-01
4.045489999999999919e-01
5.196110000000000451e-01
6.906520000000000437e-01
1.060801000000000105e+00
5.766120000000000134e-01
2.684889999999999777e-01
7.206799999999999873e-01
2.504979999999999984e-01
7.606910000000000061e-01
6.981669999999999821e-01
5.503149999999999986e-01
7.301279999999999992e-01
8.479849999999999888e-01
9.978259999999999907e-01
4.354459999999999997e-01
4.094700000000000006e-01
3.015900000000000247e-01
1.299106000000000094e+00
1.020807000000000020e+00
8.397339999999999804e-01
1.120849999999999902e+00
1.230892000000000097e+00
9.742300000000000404e-01
9.707820000000000338e-01
6.422899999999999443e-02
1.290300000000000058e-01
1.028899999999999954e-01
4.413000000000000256e-02
1.130400000000000016e-01
2.561100000000000043e-01
3.802599999999999869e-01
1.454699999999999882e-01
8.888999999999999679e-02
2.605899999999999883e-01
7.890999999999999404e-02
8.304000000000000270e-02
1.656499999999999917e-01
1.681699999999999862e-01
1.706300000000000039e-01
1.702799999999999869e-01
1.204400000000000054e-01
2.765299999999999980e-01
2.316000000000000003e-01
3.056900000000000173e-01
7.996999999999999942e-02
1.741499999999999992e-01
1.386799999999999977e-01
1.460700000000000054e-01
8.132999999999999952e-02
2.338000000000000078e-01
2.565500000000000003e-01
2.456200000000000050e-01
1.259299999999999864e-01
2.235099999999999865e-01
1.026399999999999951e-01
1.196699999999999986e-01
1.805499999999999883e-01
1.970899999999999874e-01
2.291600000000000026e-01
2.645100000000000229e-01
1.033700000000000035e-01
3.644100000000000117e-01
2.056000000000000050e-01
1.798099999999999976e-01
1.995899999999999896e-01
1.565300000000000025e-01
1.617999999999999994e-01
2.095299999999999940e-01
2.417900000000000049e-01
2.364600000000000035e-01
2.266799999999999926e-01
2.967799999999999883e-01
2.085200000000000109e-01
2.510399999999999854e-01
2.501200000000000090e-01
1.177099999999999952e-01
2.197099999999999886e-01
1.490100000000000036e-01
2.874200000000000088e-01
1.436000000000000054e-01
3.283699999999999952e-01
2.462499999999999967e-01
1.196600000000000025e-01
3.283800000000000052e-01
2.151299999999999879e-01
1.447799999999999920e-01
1.324299999999999922e-01
2.108200000000000074e-01
2.039900000000000047e-01
2.795199999999999907e-01
4.427999999999999992e-02
1.803700000000000025e-01
2.606999999999999873e-01
5.653999999999999998e-02
2.126000000000000112e-01
3.694100000000000161e-01
1.738599999999999868e-01
1.426499999999999990e-01
1.778899999999999926e-01
3.283699999999999952e-01
2.535100000000000131e-01
3.000099999999999989e-01
1.058899999999999980e-01
2.232800000000000062e-01
1.184499999999999997e-01
1.765299999999999925e-01
1.827999999999999903e-01
2.976199999999999957e-01
1.969899999999999984e-01
1.529500000000000026e-01
2.484999999999999987e-01
1.381799999999999973e-01
2.070400000000000018e-01
2.146800000000000097e-01
3.063199999999999812e-01
2.469500000000000028e-01
1.980099999999999916e-01
2.225600000000000078e-01
1.350800000000000056e-01
2.105400000000000049e-01
2.725799999999999890e-01
2.466000000000000136e-01
2.206799999999999873e-01
2.744699999999999918e-01
1.765599999999999947e-01
3.108799999999999897e-01
1.843500000000000139e-01
1.593499999999999917e-01
2.197600000000000109e-01
2.520499999999999963e-01
1.812199999999999922e-01
1.737299999999999955e-01
3.804699999999999749e-01
1.786500000000000032e-01
2.456800000000000095e-01
2.091000000000000081e-01
2.494699999999999973e-01
1.339200000000000113e-01
1.770599999999999952e-01
2.811100000000000265e-01
1.738300000000000123e-01
1.965399999999999925e-01
3.639700000000000157e-01
3.783500000000000196e-01
3.164600000000000191e-01
1.832199999999999940e-01
2.410200000000000120e-01
2.020299999999999874e-01
1.686900000000000066e-01
1.979400000000000048e-01
1.227599999999999941e-01
2.031799999999999995e-01
1.273900000000000032e-01
2.754900000000000126e-01
1.446800000000000030e-01
3.343599999999999905e-01
1.958000000000000018e-01
1.939200000000000090e-01
2.497300000000000075e-01
1.486000000000000099e-01
1.559599999999999875e-01
9.582000000000000239e-02
1.506500000000000061e-01
3.093299999999999939e-01
2.485700000000000132e-01
3.655399999999999761e-01
1.177099999999999952e-01
1.917600000000000138e-01
1.825499999999999901e-01
2.347200000000000120e-01
2.464699999999999946e-01
2.884499999999999842e-01
2.096000000000000085e-01
1.919800000000000118e-01
1.140199999999999964e-01
1.138900000000000051e-01
1.988000000000000045e-01
2.205799999999999983e-01
1.825700000000000101e-01
1.589500000000000079e-01
7.849000000000000421e-02
1.386400000000000132e-01
1.807900000000000063e-01
1.775700000000000056e-01
1.706600000000000061e-01
2.338099999999999901e-01
7.152999999999999636e-02
1.546299999999999897e-01
9.009999999999999953e-02
1.765799999999999870e-01
1.304500000000000104e-01
1.820400000000000074e-01
2.561700000000000088e-01
1.381100000000000105e-01
1.706999999999999906e-01
2.167399999999999882e-01
2.455499999999999905e-01
1.438200000000000034e-01
2.486200000000000077e-01
1.453299999999999870e-01
1.358800000000000008e-01
5.874000000000000055e-02
3.651999999999999691e-02
2.774900000000000144e-01
2.051499999999999990e-01
2.805099999999999816e-01
1.986700000000000133e-01
1.599899999999999933e-01
2.107499999999999929e-01
7.195000000000000007e-02
2.378200000000000036e-01
1.413899999999999879e-01
1.550600000000000034e-01
3.701300000000000145e-01
9.390999999999999348e-02
1.186299999999999993e-01
1.536299999999999888e-01
2.535600000000000076e-01
1.072499999999999981e-01
1.296100000000000030e-01
2.666499999999999981e-01
2.122600000000000042e-01
2.782200000000000228e-01
2.454000000000000070e-01
1.336199999999999888e-01
1.765599999999999947e-01
1.136800000000000033e-01
3.203799999999999981e-01
1.127100000000000046e-01
1.060200000000000031e-01
3.913499999999999757e-01
1.557499999999999996e-01
1.866700000000000026e-01
1.967099999999999960e-01
1.919099999999999973e-01
1.908400000000000096e-01
1.762499999999999900e-01
1.283700000000000119e-01
1.226200000000000068e-01
1.271500000000000130e-01
2.132300000000000029e-01
2.186099999999999988e-01
2.685600000000000209e-01
2.046600000000000086e-01
2.671000000000000041e-01
2.175700000000000134e-01
2.418500000000000094e-01
2.934999999999999831e-01
3.534599999999999964e-01
1.856299999999999895e-01
2.854300000000000170e-01
1.949400000000000022e-01
7.592000000000000137e-02
1.635699999999999932e-01
2.572099999999999942e-01
2.195499999999999952e-01
1.755800000000000138e-01
2.266700000000000104e-01
1.532199999999999951e-01
2.102499999999999925e-01
1.216399999999999981e-01
2.913499999999999979e-01
2.944800000000000195e-01
1.645500000000000018e-01
3.070200000000000151e-01
1.986300000000000010e-01
2.682100000000000040e-01
4.012800000000000256e-01
1.366799999999999959e-01
2.954200000000000159e-01
2.919200000000000128e-01
9.006999999999999729e-02
2.055700000000000027e-01
1.458200000000000052e-01
1.176699999999999968e-01
5.498999999999999722e-02
1.741999999999999937e-01
2.449500000000000011e-01
2.245199999999999974e-01
2.455799999999999927e-01
2.835099999999999842e-01
1.805599999999999983e-01
1.039100000000000024e-01
1.296100000000000030e-01
2.435199999999999865e-01
3.313599999999999879e-01
2.434800000000000020e-01
3.146800000000000153e-01
2.186500000000000110e-01
2.601399999999999824e-01
2.824300000000000144e-01
3.004100000000000104e-01
1.518599999999999950e-01
2.635700000000000265e-01
2.138200000000000101e-01
1.628400000000000125e-01
1.243999999999999967e-01
1.946499999999999897e-01
2.055400000000000005e-01
1.066700000000000009e-01
1.877199999999999980e-01
1.638699999999999879e-01
2.902100000000000235e-01
9.400999999999999635e-02
2.278600000000000070e-01
1.075099999999999945e-01
3.106499999999999817e-01
1.456399999999999917e-01
8.784000000000000141e-02
1.483899999999999941e-01
2.866199999999999859e-01
1.228100000000000025e-01
1.865499999999999936e-01
1.289299999999999891e-01
1.942200000000000037e-01
1.479999999999999927e-01
2.117900000000000060e-01
1.796200000000000019e-01
2.634900000000000020e-01
1.921499999999999875e-01
3.387999999999999901e-01
1.174100000000000005e-01
1.431000000000000050e-01
1.603499999999999925e-01
2.887199999999999767e-01
1.230300000000000005e-01
2.640500000000000069e-01
1.260799999999999976e-01
1.737400000000000055e-01
1.643999999999999906e-01
2.496099999999999985e-01
1.599899999999999933e-01
2.444800000000000029e-01
2.485100000000000087e-01
2.289299999999999946e-01
8.527999999999999470e-02
6.281799999999999884e-02
2.774499999999999744e-01
2.754400000000000182e-01
3.305100000000000260e-01
3.619299999999999740e-01
3.310299999999999909e-01
1.605000000000000038e-01
3.002099999999999769e-01
1.163499999999999951e-01
2.182900000000000118e-01
1.196699999999999986e-01
1.547300000000000064e-01
1.781000000000000083e-01
2.503699999999999815e-01
2.517400000000000193e-01
1.295300000000000062e-01
3.092900000000000094e-01
2.785199999999999898e-01
1.858100000000000029e-01
6.650999999999999968e-02
2.580000000000000071e-01
2.988799999999999790e-01
2.704400000000000137e-01
2.791600000000000192e-01
2.928700000000000192e-01
1.896500000000000130e-01
2.657599999999999962e-01
1.237599999999999950e-01
1.825499999999999901e-01
5.634000000000000119e-02
3.128799999999999915e-01
3.091499999999999804e-01
2.006100000000000105e-01
3.264000000000000234e-01
2.116300000000000125e-01
1.796899999999999886e-01
3.024000000000000021e-01
1.092400000000000038e-01
8.522000000000000408e-02
2.023099999999999898e-01
1.264899999999999913e-01
2.145700000000000107e-01
3.204500000000000126e-01
2.183499999999999885e-01
1.900999999999999912e-01
9.242999999999999827e-02
3.798599999999999755e-01
2.113400000000000001e-01
2.583300000000000041e-01
1.832699999999999885e-01
2.129500000000000004e-01
1.165100000000000025e-01
1.440099999999999991e-01
2.524899999999999922e-01
2.553900000000000059e-01
2.169800000000000062e-01
1.265900999999999943e+00
9.357739999999999947e-01
4.951900000000000052e-02
3.032500000000000126e-02
7.457900000000000640e-02
2.519800000000000165e-02
1.441100000000000020e-02
2.079200000000000145e-02
3.521799999999999931e-02
4.165699999999999958e-02
4.240000000000000019e-02
1.890199999999999866e-02
7.883999999999999342e-02
6.334499999999999853e-02
2.763699999999999837e-02
4.932500000000000079e-02
7.015299999999999314e-02
2.390899999999999970e-02
5.312599999999999961e-02
2.495100000000000096e-02
1.566400000000000084e-02
4.898399999999999976e-02
2.239899999999999877e-02
3.485400000000000303e-02
1.696599999999999844e-02
3.072099999999999831e-02
3.048199999999999868e-02
1.055000000000000035e-02
1.425599999999999958e-02
2.768800000000000081e-02
5.385999999999999815e-02
1.767200000000000021e-02
1.745000000000000023e-02
1.557300000000000004e-02
1.005999999999999950e-02
5.493100000000000066e-02
3.908299999999999969e-02
7.831699999999999773e-02
3.176400000000000057e-02
1.443999999999999971e-02
1.353299999999999989e-02
2.667699999999999932e-02
2.335999999999999882e-02
3.693400000000000155e-02
2.355200000000000002e-02
1.748299999999999854e-02
4.025900000000000312e-02
3.038099999999999828e-02
1.550400000000000042e-02
1.415100000000000038e-02
1.548700000000000077e-02
1.555400000000000012e-02
3.707499999999999685e-02
1.548199999999999923e-02
1.332400000000000077e-02
1.457499999999999941e-02
1.579099999999999948e-02
2.474600000000000063e-02
2.774799999999999836e-02
1.088800000000000011e-02
1.365199999999999921e-02
3.575500000000000206e-02
2.472500000000000045e-02
3.808600000000000180e-02
2.154100000000000112e-02
1.958100000000000118e-02
3.041599999999999859e-02
3.921899999999999692e-02
3.497100000000000208e-02
2.856099999999999958e-02
2.099699999999999830e-02
3.253799999999999748e-02
1.546900000000000011e-02
1.567800000000000096e-02
2.749899999999999914e-02
4.685600000000000181e-02
3.317300000000000110e-02
1.029099999999999980e-02
8.010299999999999365e-02
1.231699999999999982e-02
2.458600000000000022e-02
1.446700000000000069e-02
1.515400000000000080e-02
2.908600000000000074e-02
3.478099999999999942e-02
4.492000000000000159e-02
3.407400000000000012e-02
7.487000000000000599e-02
1.495999999999999934e-02
2.039600000000000093e-02
4.068900000000000294e-02
2.656700000000000034e-02
2.688099999999999865e-02
2.347099999999999881e-02
6.912200000000000288e-02
6.519300000000000095e-02
2.298000000000000043e-02
1.738699999999999968e-02
3.148499999999999910e-02
1.118399999999999950e-02
2.195599999999999982e-02
3.148399999999999810e-02
2.332100000000000145e-02
2.038999999999999840e-02
2.246599999999999986e-02
3.361399999999999805e-02
3.696900000000000186e-02
2.262899999999999981e-02
1.469999999999999953e-02
3.694999999999999674e-02
6.095899999999999930e-02
5.928900000000000142e-02
6.975099999999999356e-02
2.952600000000000016e-02
3.325499999999999984e-02
2.415899999999999992e-02
1.599899999999999933e-02
6.296100000000000307e-02
2.170599999999999960e-02
3.163799999999999946e-02
1.859900000000000095e-02
2.706400000000000125e-02
2.546800000000000105e-02
2.381000000000000130e-02
2.386699999999999933e-02
2.206800000000000081e-02
