2.868572144599031981e-01
1.831271426450150341e-01
2.068117735223629905e-01
1.604633828850400568e-01
1.415506851970576574e-01
1.901618225421644326e-01
1.183514262476218493e-01
1.481996660991702353e-01
1.480754989432664648e-01
1.472552012965619717e-01
8.887484052878456831e-02
1.865312297223616078e-01
2.848071005968239033e-01
5.735921116524012736e-02
2.377582844891086289e-01
6.232608299496633641e-02
1.410430485751828500e-01
2.020326844032489452e-02
7.715728800321901282e-02
1.109004545690742277e-01
6.080628258536777131e-02
1.256370512795276229e-01
6.638876231376138193e-02
2.594031777900944191e-01
1.698685120562032358e-02
1.375159600001279181e-01
1.507664022161266659e-01
1.563551641284138261e-01
4.919671048982369316e-02
2.975849473923943278e-01
1.326972483629821342e-01
1.571459354463688451e-01
1.486005023921563029e-01
1.078663042096635466e-01
1.705431813427893276e-03
2.003235088377189888e-01
1.528041008794412403e-01
1.204822259765248871e-01
2.336361830701670361e-01
1.061137803263476585e-02
2.345932348814356305e-01
5.923476455394491302e-02
1.919158535095691342e-01
1.610676310806718747e-01
4.707298883466034395e-02
6.187372852528612993e-02
9.358505964870235394e-02
1.168609263913670676e-01
2.048539294632550356e-01
8.168009027163652958e-02
6.645182545354133725e-03
1.004844882063549577e-01
3.122612937174238171e-02
2.722231568747968122e-01
2.692046507404960431e-01
2.756946002907908477e-01
3.315830528519005810e-02
1.782030744839140091e-01
1.173767083320105820e-01
2.514057651549327921e-01
1.557075667764223348e-01
2.633407865917863910e-01
1.380304064884881055e-01
2.850559759945976990e-01
2.872054903752643829e-01
9.917803215846514309e-02
3.545238457117790704e-02
1.595488023754529638e-01
4.350984035332212257e-02
2.308499657376447689e-01
1.986056631282001605e-01
1.992017097202256892e-01
5.930968613287996433e-02
8.297264781205283823e-02
2.748079957246554739e-01
2.371462818858474930e-01
9.091667375292579456e-02
2.706866704015448155e-01
1.075740791417942460e-01
1.989425370958752270e-01
2.438518308095214693e-01
2.800369798018175205e-01
1.589144864795501155e-01
5.003524006907743293e-02
1.904893377360885875e-01
1.963474364815750162e-01
1.195602143156300617e-01
1.211388429047564191e-01
2.983314574041065481e-01
2.263214551540472241e-01
2.874720371604607694e-01
2.698321768866660531e-01
2.413372149872233530e-01
1.549536572407414214e-01
2.223338355535450228e-01
4.456270999720163273e-02
1.585514610910341848e-01
2.003428859388720618e-01
1.805335415086962436e-01
2.553897245585188824e-01
1.018451330863683231e-02
1.654612975947807735e-02
1.625962431727367707e-01
2.935031538285584607e-01
1.077504550330254524e-01
2.599623030522051348e-01
1.508242856375534291e-01
2.265143491802796769e-02
1.195958449642634397e-01
7.512512924760583743e-02
5.426839727338905739e-02
2.563189628506867268e-01
2.878558593988420622e-01
3.135969105737492629e-02
2.751733115418858455e-01
2.409186740093154089e-01
1.194580742315591755e-02
2.668747424219323761e-01
2.594529982692893588e-01
2.112437286956183324e-01
6.824560921034161787e-02
1.651967755753422640e-01
2.115626712052334213e-01
2.020085866428417420e-01
1.473293173970863235e-01
2.575065714206636880e-01
2.313118681205712235e-01
1.877318084461666592e-01
9.167695412604004446e-02
2.577200686002041885e-01
1.796622983151660927e-02
2.373532353793722516e-01
7.062953306133980258e-02
4.597183888709086702e-02
2.369771156898969888e-01
2.998938330702245469e-01
1.409758437139103926e-01
5.389259182545388244e-02
2.675696900467305905e-01
1.592280454893924557e-01
1.175377898365698032e-01
2.454341640925647994e-01
2.450075196956119639e-01
9.368827088568154604e-02
1.580229054379941045e-01
8.949353760216127718e-02
1.429506321269045366e-01
9.495242994670088921e-02
5.946925198917402816e-02
1.724452011936591922e-01
7.072574865693348478e-02
7.408131558486008399e-03
6.348689888134485815e-02
9.372762033548892591e-02
2.058961625330112954e-01
2.446453508696798118e-01
1.987735468494871427e-01
1.299951602775958372e-02
1.416480597398695196e-01
2.050194500066039038e-01
1.503225961579132131e-01
1.615498107332445088e-01
2.384474526482520396e-01
6.922965208506970392e-02
2.226359175725756232e-03
2.490879284938688765e-01
1.028835591604019550e-01
2.180638603213969906e-01
2.645481450852730232e-01
1.415988728512594108e-01
2.297809376281113591e-01
2.461597470176269675e-01
9.470085508063585955e-02
1.669279173064216193e-01
1.193124710454819826e-01
1.959063881181954958e-02
6.975630374356188435e-02
1.811188120209070440e-01
1.366747448419299849e-01
8.749622573806560555e-02
2.700073072183050704e-01
1.582153846086947757e-01
1.526363524794537574e-01
1.876646480158064290e-01
1.369840503735789417e-01
1.350576649993724121e-01
7.578952762718590974e-02
9.471931263932194256e-02
9.103987466948217089e-02
3.302191574775092953e-02
2.305724547799677393e-01
2.868528519981966007e-01
1.789993597349706089e-01
2.136956590389609556e-01
2.105934720531695559e-01
1.841584437337554780e-01
1.103264978320874362e-01
2.941638587406978922e-01
1.804681980100293626e-01
5.156721059324093775e-02
1.431501590189636353e-01
1.670198743835270838e-01
1.521834930433030586e-01
2.282411161018662871e-01
9.866122982299949107e-02
1.897713405652257156e-04
2.299759549460179686e-01
9.070997525978385934e-02
1.938767475028547738e-01
2.749514611323417568e-01
1.185736549650135419e-01
2.226604726809619517e-01
1.822316315151576438e-01
1.425084226432040135e-01
1.808675212273841981e-01
2.401155260628347610e-01
7.576897041082220063e-02
1.913376118718211893e-01
6.262404365009649476e-02
2.975046891558058015e-01
1.174982439104124976e-01
1.756985525944921023e-01
1.702315947104356408e-01
1.672023197188226562e-01
9.310194939515060997e-02
2.357691361116329709e-01
2.554927694979104366e-02
2.630019557882630199e-01
2.472660901584863846e-01
3.340391882432845738e-02
2.985239086666602315e-01
9.827040677950624192e-02
2.905424103757128229e-01
2.346229831035802071e-01
2.982070800558603643e-02
9.011830977841443768e-02
6.517842241564932027e-02
2.429466851573733321e-01
2.361567559141863060e-01
2.337798505909240987e-01
2.007414912808793417e-01
1.614375256667683056e-01
2.628596369129151955e-01
1.922642115548882369e-01
1.232933119058861743e-01
2.966098725632808075e-01
2.479599138369376066e-01
2.167091625454001594e-02
2.912516906713157883e-01
1.991729845699470869e-01
2.761089567207909434e-01
2.782854557645396132e-01
3.565678028451690733e-03
2.103185445945806309e-01
2.688490522276582029e-01
2.349512488377486774e-01
1.318232314469690025e-01
1.746488734556777278e-01
1.956833343088732191e-01
2.423006934112504063e-01
1.088708315759435025e-01
2.116908178198254331e-01
1.004115099806277278e-01
9.310579971549179379e-02
7.392319875676274521e-02
3.289664530853701752e-02
1.280548842718519098e-01
2.461145587277797087e-01
2.783687664254906879e-01
1.370143190123126464e-01
2.019091244063519197e-01
6.116484567796504068e-02
3.426390614977975480e-02
2.739822438340341892e-01
1.370845978747465554e-01
2.603567977300205172e-01
1.294734999269049891e-01
8.509492943833786571e-02
1.394331978420990381e-01
1.423844733094866560e-02
1.515635179775172148e-01
2.315621184695614287e-01
2.598949396362818520e-01
4.933553997791267909e-02
9.113146409787802049e-02
2.093141343079369110e-01
2.875971035856663138e-01
1.793858666546811198e-01
1.149934294655073352e-01
5.425796378274987120e-02
4.728136491755709908e-02
1.258050225959037316e-01
2.500064557865634349e-02
2.532350218915406792e-01
2.212375952489421260e-01
2.686169736174706113e-01
1.237378762957941358e-01
1.839707832758663841e-01
2.954857344824252108e-01
8.529876452532010600e-02
7.081313363389755977e-02
1.082533682640802741e-01
1.217099178312434082e-01
1.257551451539792864e-01
1.296507176706933329e-01
1.462638541193414243e-01
1.487859179405548460e-01
1.515233516089980192e-01
1.533942807395904939e-01
1.786482253307505319e-01
1.847977886036579476e-01
1.884025762666649839e-01
2.023971150611257319e-01
2.074226389593284425e-01
2.124929192728311489e-01
2.169168116802357993e-01
2.209546227074688507e-01
2.373549806642958893e-01
2.411033402818625604e-01
2.431555714238378407e-01
2.440613009689791557e-01
2.446816042300193339e-01
2.486170413181660876e-01
2.497236438044518614e-01
2.514926622804898315e-01
2.518718398698555072e-01
2.548089110909165234e-01
2.649939002193386628e-01
2.663253900237640415e-01
2.696230912977031768e-01
2.705490088293548978e-01
2.792782051520751874e-01
2.832451335579433405e-01
2.837009153715243093e-01
2.838795541216316831e-01
2.880995588273810304e-01
2.898670941052442496e-01
2.942209754142939837e-01
2.996933968315381724e-01
3.002277973697207725e-01
3.026479570291180088e-01
3.060466537996933134e-01
3.063074651364051104e-01
3.074073224505736723e-01
3.164916065696455894e-01
3.168328204315992158e-01
3.180744799856539129e-01
3.188642389013415790e-01
3.210063586175910255e-01
3.228129070630856856e-01
3.228299355801003134e-01
3.282841920415585646e-01
3.296050497697495807e-01
3.332873882401655719e-01
3.334525244170988278e-01
3.343932647134026936e-01
3.411601021407483780e-01
3.430810930272174541e-01
3.442497096867520590e-01
3.459573033672876941e-01
3.478804258249146852e-01
3.484230363796597674e-01
3.496857286999198733e-01
3.506161532227163313e-01
3.525642588481116557e-01
3.571904347775747279e-01
3.638044430603367685e-01
3.638480765451530541e-01
3.656778705570858379e-01
3.689567694770000128e-01
3.708354921766066625e-01
3.718142853959450211e-01
3.761843348147313471e-01
3.807944122936411380e-01
3.812677080758389292e-01
3.870104583465898695e-01
3.921606668187238021e-01
3.930028634871412518e-01
3.968500245710973595e-01
3.974893824728353842e-01
3.981007634983126930e-01
3.998239274831612566e-01
4.003104457321050025e-01
4.005502514448052720e-01
4.013684870638608571e-01
4.026998326385075044e-01
4.065666494207566539e-01
4.065981315908420712e-01
4.071651240323264642e-01
4.194126940368003154e-01
4.213984190568029198e-01
4.215493815497994845e-01
4.227479726389088421e-01
4.233139635532368605e-01
4.276470127635025875e-01
4.277057034172573879e-01
4.280702646986331850e-01
4.289300541811273404e-01
4.306220056389324369e-01
4.311135576539699144e-01
4.319012620244747636e-01
4.334654084383151029e-01
4.360328986266540641e-01
4.363087578717079196e-01
4.388154259092520437e-01
4.418701656764750241e-01
4.431007303597417346e-01
4.442229366883025943e-01
4.443883283324573386e-01
4.444178128219721247e-01
4.446626586125335678e-01
4.511683100497538290e-01
4.531416101140692820e-01
4.569863023854555117e-01
4.583016057104961627e-01
4.584739378430620071e-01
4.608047322439807192e-01
4.608584287188564055e-01
4.614509123385325262e-01
4.635131684168045108e-01
4.635624760864552885e-01
4.638625693277975692e-01
4.654804298986938704e-01
4.702915940041887399e-01
4.703166976216058837e-01
4.719170002166468425e-01
4.729280955359068672e-01
4.746623083956624800e-01
4.753860424726706890e-01
4.761119168460359874e-01
4.765702691603001528e-01
4.768010173654244621e-01
4.802041292180136423e-01
4.802690571616919923e-01
4.836429494778073934e-01
4.837618665319688427e-01
4.939360874429381543e-01
4.951631335916282239e-01
4.962442079580823839e-01
5.012218335720458606e-01
5.027400455609425389e-01
5.029305383782742833e-01
5.036398069063462435e-01
5.049660161393236812e-01
5.058381841585859462e-01
5.067970298295471077e-01
5.079319024935142757e-01
5.080479339215266954e-01
5.107932256928543469e-01
5.130921976390405703e-01
5.141328623837390088e-01
5.146991648935452801e-01
5.147583274705227474e-01
5.153055268859848548e-01
5.153591453359828156e-01
5.166346770864371774e-01
5.177045442279692988e-01
5.182318040066323794e-01
5.191517359020894062e-01
5.201174602777207667e-01
5.206788563382838131e-01
5.209189215854318489e-01
5.211074935643460471e-01
5.230978869737741288e-01
5.235914372881955714e-01
5.243818500632793089e-01
5.246618049698881237e-01
5.254812321967317068e-01
5.256551304831040827e-01
5.279634181588316322e-01
5.284560814032134290e-01
5.302353551448975022e-01
5.306738920058420295e-01
5.309017492052847675e-01
5.338003539219682292e-01
5.342590850135960912e-01
5.346900596559709395e-01
5.347211388344710326e-01
5.361658992313536043e-01
5.383569461081890717e-01
5.426140328213930886e-01
5.435758748431718246e-01
5.436915067630970766e-01
5.437366041643372228e-01
5.461440457023490902e-01
5.474175670722030151e-01
5.481965720871311287e-01
5.489167878159547653e-01
5.491673253392975740e-01
5.492738340564435884e-01
5.512768548392119605e-01
5.522823876687286138e-01
5.540941325260998473e-01
5.541119720560168105e-01
5.548420574387780135e-01
5.575174068330128740e-01
5.583937589966665449e-01
5.584595868074179181e-01
5.584815411912735783e-01
5.595392873868338945e-01
5.635079393018342930e-01
5.691731799407482306e-01
5.740539230250388814e-01
5.758245727897043365e-01
5.760093764999769661e-01
5.760175355873041747e-01
5.764986491781476374e-01
5.775815961915908847e-01
5.775983665626900354e-01
5.783289295426756738e-01
5.784769475208098033e-01
5.790190867211912895e-01
5.791188491132028826e-01
5.795706211621980408e-01
5.824959591651219792e-01
5.837406625202028465e-01
5.840527897062190998e-01
5.870635890093175435e-01
5.871217978118983272e-01
5.877925848590024316e-01
5.883502303195555783e-01
5.887085822969406745e-01
5.888204427420373754e-01
5.888565065521109698e-01
5.894406903426089306e-01
5.899383516898395463e-01
5.910332361358052733e-01
5.920144929662344291e-01
5.946526999770982425e-01
5.947943825363293247e-01
5.948492401627593074e-01
5.958217072193108255e-01
5.963320976189119271e-01
5.963493603205141103e-01
5.966152470794806595e-01
5.982051104418357745e-01
6.022299270643810543e-01
6.042607826056620723e-01
6.089455341916147901e-01
6.103783247974645665e-01
6.108517094668317604e-01
6.136415570335657099e-01
6.140061986368550162e-01
6.172134135785087850e-01
6.175473382509120146e-01
6.178414289008280491e-01
6.191373187969657632e-01
6.196819330648093427e-01
6.198377516171516000e-01
6.199222359766077828e-01
6.203155041010965931e-01
6.207197986574923831e-01
6.244239509537256039e-01
6.277769488842106504e-01
6.294952249623895213e-01
6.304588386154393875e-01
6.318812819597858788e-01
6.319850709110420572e-01
6.345381227715349848e-01
6.352809254051363652e-01
6.361880252314697781e-01
6.362742074162996975e-01
6.364122634171918147e-01
6.378395448710786342e-01
6.384500477078731695e-01
6.392310499380587929e-01
6.401362998683196581e-01
6.405979099035501445e-01
6.412704714581323184e-01
6.419333628162223748e-01
