2.766778489273319930e-01
1.558260154228554295e-01
9.501371817477385906e-02
1.607828035958396573e-01
1.284463344629470649e-01
6.329174801295175956e-02
1.370497277454679197e-01
9.070645436836853592e-02
1.100080278165201653e-01
1.307297386421811536e-01
2.170562195054458743e-01
2.432602014434242510e-01
1.898895860213687115e-01
2.142516351061767854e-01
7.884609990535354496e-02
2.202959290721402952e-01
2.520092826127330876e-01
1.606121577861167327e-01
7.028013016180759132e-02
1.188448703900774339e-01
1.275637247102142657e-01
2.130769178028524002e-01
1.120986224272054466e-01
8.164501577317585801e-02
8.593496691909814633e-02
2.730798172233332988e-01
2.933067533289470674e-01
4.025591381236832966e-02
1.015880310079118470e-01
1.282017164955930044e-01
1.414632325004072100e-01
1.663761845470152489e-01
2.397335360890525124e-01
1.207393980427131502e-01
1.437254827905691812e-01
2.724776891161957426e-01
2.821792123139242880e-01
2.559342057989639763e-01
5.760324722419685184e-02
5.666958894732898600e-02
1.050311671239276406e-01
1.195246362861399209e-01
4.850239985979259982e-02
2.683452164807459406e-01
2.679628473807011968e-01
7.184115276428378050e-02
9.399848795319186434e-02
1.041300199795322651e-01
2.729214713237917422e-01
1.230566972483095878e-01
2.284035887395933495e-01
1.843746643281588271e-01
1.948097327355730046e-01
6.466499219189189573e-02
3.430628680261716551e-02
2.881201929959352759e-01
2.041225293072473912e-01
2.499696287342646761e-01
9.911436889789529414e-02
2.158428573150286689e-01
2.991707170543510541e-01
1.711509330427479492e-01
5.213618695481288257e-02
4.649849799325857930e-02
9.195841538965573991e-02
2.324589317660885890e-01
2.524215769117875707e-01
1.525600424503017472e-01
1.989380473217459977e-01
2.822347823719656423e-01
1.542842245786318345e-01
2.156414562163545823e-01
1.420471879855516595e-01
4.796092975207959935e-02
1.381955312791882384e-01
1.518200958979930570e-01
1.239120998598744888e-01
2.965270459496992528e-01
1.549009312170354091e-01
8.062457305444141464e-02
1.069939527289900660e-01
2.959332111872339244e-01
2.489553698791182601e-01
2.221435239669961315e-01
3.155091369963938103e-02
1.122668431014343660e-01
2.864432018161352511e-01
2.510990902592985519e-01
1.549543419652386900e-01
1.479427238071785167e-01
1.254051423995135583e-01
2.206999889440510731e-01
3.142146958609843416e-02
6.552980107453225400e-02
1.122186842679601809e-01
2.272212944168234827e-01
7.088214292454089738e-02
1.714319607888475094e-01
1.365124952877012354e-01
2.177626116777864052e-01
3.195631007972515869e-02
4.468452453450018347e-02
1.692777089108670197e-01
5.697991259459643520e-02
1.810383894458306164e-01
1.364682304342169639e-01
2.534562598247148690e-01
4.174939368823400720e-02
1.054878430909198667e-01
2.352393420801375534e-01
2.026727487609812639e-01
2.017310447646127047e-01
1.726243627988021667e-01
7.255055485563113860e-02
7.048973753374554452e-02
3.393882610692985219e-02
1.337472961311565456e-01
1.431222617110586848e-01
1.889814533862000934e-01
1.514304368117528887e-01
2.046698803715656656e-01
2.027953597639141625e-01
2.441379625693370636e-01
2.494956711744851785e-01
1.285858766937111042e-01
6.723360531019081932e-02
2.950740544274965682e-01
2.446253669069592962e-01
1.144737521228822719e-01
5.683570447716511376e-02
2.328389671478867662e-01
2.662449578071152678e-01
2.987325261655264796e-01
2.045480993491087807e-01
7.220028127358597836e-02
1.464542041194280553e-01
2.981305029445021626e-01
2.071104196678970888e-01
2.906720489839197397e-01
2.746154170324242028e-01
8.483842710894565209e-02
1.656356895075495050e-01
5.704107162016815169e-02
5.589183993584088267e-02
1.613536874859585191e-01
2.975304288779176964e-01
1.262883616823206046e-01
2.204647560859076538e-01
2.801508016921638866e-01
2.916049232257070800e-01
2.205910158678703326e-01
4.309092890089397110e-02
2.445636531682905956e-01
9.867503687727285921e-02
2.905993959561243845e-01
1.082351617479041239e-01
1.144391558739637077e-01
1.665807376205973855e-01
7.930262885033292908e-02
1.234814502122831836e-01
1.575618856659349865e-01
8.133083597870727210e-02
1.605672727318788739e-01
2.682526774590167085e-01
2.888818472490638500e-01
7.389672389285886767e-02
2.646373325832497292e-01
7.197983034417027026e-02
2.238283905819503372e-01
2.591405666563118548e-01
1.788370939233580037e-01
1.660982159255680601e-01
2.708365305770190634e-01
1.522130920053216541e-01
1.739511352188893301e-01
2.976053829312028665e-01
9.219046333646932490e-02
1.215912584050766881e-01
1.658106885672880615e-01
1.954241664462439687e-01
5.425430504814163224e-02
2.029009379504309318e-01
2.576876419378461014e-01
7.240093821210175085e-02
3.243709452938553506e-02
1.632611265341511464e-01
2.440923708415546622e-01
1.167989770516787290e-01
2.106978129499193220e-01
2.816790217981959277e-01
3.909155704464503667e-02
2.453845022703215473e-01
1.987805852856174560e-01
5.856863498175120253e-02
1.665657467294489880e-01
1.274616425092997829e-01
1.555549179333434728e-01
1.918974701966653373e-01
1.471171043762402597e-01
9.732684146834211236e-02
2.869404163332517355e-01
2.188066413475347194e-01
8.048107774934998293e-02
2.396999485087626947e-01
2.606046352843676694e-01
8.474284093925446570e-02
5.025201948050524170e-02
1.539830104085576634e-01
1.747204959520189393e-01
4.216355296979776290e-02
1.249751969632656862e-01
2.667205544778500359e-01
1.193435836658086058e-01
1.631109260710922049e-01
7.012068402690474489e-02
2.967176725714754104e-01
1.076879456512591648e-01
2.908937960693812608e-01
8.309909131954462680e-02
1.888116690164605982e-01
1.234758858803341186e-01
6.837658453443701267e-02
7.802189058385633480e-02
9.025001430431504879e-02
8.837845620167909810e-02
2.890646904976035270e-01
3.556004377800269650e-02
2.333342342928143021e-01
2.237441045194393796e-01
2.254357469834044614e-01
1.476040758696334498e-01
1.403280079550711379e-01
3.574297511866356136e-02
8.743482216146014618e-02
2.676301920331509709e-01
2.890869085907536995e-01
1.813947413419506050e-01
1.181960739672040239e-01
4.077645512852854509e-02
5.990225921322998859e-02
2.184219807249891676e-01
1.498824164242097967e-01
7.775372052593923500e-02
2.965070242696385971e-01
2.035647234346130707e-01
2.901240138880608610e-01
2.128824375004711444e-01
3.415627284491811605e-02
6.068291380982115957e-02
2.321962497116282498e-01
1.752724031794604953e-01
5.306357961485057284e-02
1.680000537416325990e-01
3.306940628856025466e-02
2.405543924894516516e-01
1.531036680257331084e-01
1.168255266847007950e-01
2.350683023550691197e-01
9.627989872956504991e-02
9.768810333183883254e-02
8.487755276432215612e-02
1.463849257826262962e-01
2.577984716160832690e-01
9.169751678778942372e-02
1.393163379449152695e-01
1.406022569916540732e-01
2.023917880203931763e-01
2.196850798462216259e-01
1.405723084379665866e-01
6.226003664705460211e-02
1.594918414616900704e-01
6.643825981555662175e-02
2.204971085957037058e-01
8.770383852850310857e-02
2.313117441219404158e-01
7.397257681775326610e-02
2.515194402402267104e-01
9.706997655959147264e-02
2.232171574805311143e-01
8.714374667868707292e-02
1.623329754102010580e-01
2.692480120926126208e-01
1.174004352929234885e-01
1.365768513493262615e-01
2.087441419902177353e-01
1.834755174927347465e-01
2.921905178632365763e-01
1.584273342956947772e-01
9.919340637993569187e-02
1.229492361810851225e-01
8.849576497723343760e-02
4.105322124482710389e-02
2.068273267504255886e-01
7.749170874404731624e-02
1.716331774017519074e-01
4.842857985128980192e-02
1.205425243710329525e-01
2.530865299704786464e-01
2.810672186137364026e-01
2.990537903693957222e-01
3.734382479304152597e-02
1.403464498932786853e-01
2.581824787794844145e-01
6.013566010720081123e-02
2.082476821951783075e-01
1.200914178398284071e-01
1.982991946153388196e-01
1.594607716762453109e-01
1.190010961934158118e-01
5.204148465236156651e-02
7.489137598553866071e-02
1.350514176450416381e-01
3.425575779731485776e-02
1.137981776020839109e-01
8.299817633356056101e-02
5.338641089738944967e-02
1.336061414227136812e-01
3.343820466763795796e-02
2.006546590118881424e-01
2.073658609694790100e-01
2.900267135825660425e-01
1.545451271646962610e-01
1.417115824379516775e-01
1.161077472770492280e-01
9.514664769615652218e-02
1.765028212458036316e-01
5.919460600661477501e-02
2.360305814479068121e-01
1.170140171460044981e-01
2.075577304994195293e-01
1.580681373188709549e-01
8.442105245518910506e-02
1.526507512684920354e-01
1.971211574355625495e-01
2.022917049821382762e-01
4.118195693578752953e-02
1.213446389114865992e-01
2.071562582908940686e-01
2.515398566262854185e-01
6.466199500736927175e-02
4.597531977954286142e-02
1.629086221710867866e-01
2.302148218535369495e-01
1.635369728550165047e-01
8.186194238821380142e-02
8.074228501344118958e-02
7.517872918221818468e-02
9.661292497399334711e-02
2.176157783057408035e-01
1.219645241605303160e-01
8.915737766800177488e-02
8.590680428920531575e-02
1.330379912820247312e-01
9.921102789050410820e-02
1.273364340975693676e-01
1.071547521962170901e-01
1.270719540956289362e-01
2.788220236031568877e-01
5.751190815321040317e-02
7.704945263882737039e-02
1.533478861239709612e-01
2.162961900860412012e-01
5.132143884183615334e-02
9.924142799102715629e-02
4.199907718852896599e-02
2.513079346501991829e-01
2.682800488006168993e-01
1.280751120000313548e-01
6.697607155081611308e-02
8.460940148761093849e-02
1.456434341621031248e-01
4.792349057252910660e-02
2.383507510953775110e-01
1.453618628853460826e-01
2.436996896834124904e-01
2.402352437444118805e-01
8.906119289234802616e-02
6.009177064963376613e-02
8.494422306288068603e-02
1.143590361731917776e-01
1.367313584904246149e-01
9.544763729213887049e-02
1.092205937376257846e-01
4.657040455298651349e-02
2.545949896748025409e-01
2.613668584697372843e-01
2.552858694451278221e-01
2.817486412665494155e-01
2.457363927185330921e-01
6.476006581270771223e-02
2.445779077983464556e-01
1.967067159071861637e-01
2.368756334097782690e-01
2.410812812128304283e-01
2.144318389424159366e-01
2.733179577544528893e-01
6.698746518741881262e-02
1.784874310828112320e-01
1.764891748090657575e-01
2.198188648084540842e-01
3.842680963650012965e-02
4.561972844488133144e-02
1.520953285821876610e-01
2.965904086728631261e-01
2.131482254865159909e-01
1.508897724678250341e-01
5.496944585499201341e-02
4.854157912801024266e-02
2.428953637536903631e-01
1.724180688409617523e-01
8.002911091596490167e-02
1.116468037023699705e-01
7.658508421188266191e-02
9.239707648212658331e-02
1.915606214629849702e-01
1.465578769960069194e-01
2.106134773338051713e-01
1.500467791441140730e-01
6.930776067809296670e-02
1.665330096488128464e-01
1.301280854992724056e-01
1.952935396362365239e-01
1.256288290754704606e-01
1.057962495503577682e-01
1.605328404736225678e-01
2.261220528497452364e-01
2.877524571204644888e-01
1.007294551924655113e-01
2.373426166512296320e-01
1.434013713719854421e-01
1.744717689351695522e-01
1.206389931828901196e-01
1.713129227145767375e-01
1.995724831520820919e-01
2.467561679283527543e-01
1.784927908146143882e-01
2.896214795796371311e-01
9.815375553415846277e-02
2.364960522741228477e-01
1.481132749117064495e-01
4.773902507971201914e-02
1.652988357748948200e-01
7.948893422041777845e-02
1.841168175013195019e-01
6.488348240340126305e-02
2.328326171063082040e-01
2.651248795952487747e-01
2.618204490214396385e-01
2.344040624961259978e-01
2.144198247920279798e-01
2.689160614545860750e-01
2.036746319944139072e-01
2.216456479127190404e-01
1.595948069992175755e-01
1.894257293647562401e-01
1.225209325040697572e-01
1.694545948801937929e-01
2.311388746950674145e-01
2.213679094925833368e-01
2.436940103677134317e-01
2.195100828202893317e-01
1.856463546325380354e-01
2.553519115490923141e-01
2.560057726995005889e-01
2.715754819385219898e-01
1.664401756980706804e-01
1.790244460762029644e-01
1.535136538370267256e-01
3.826096526585463092e-02
2.727593057050723968e-01
1.190780894726505695e-01
2.836234664458890942e-01
1.102085058433250470e-01
1.041296597383770672e-01
2.764873576523810828e-01
1.419445068916234121e-01
1.491629909951664446e-01
2.437278535289944537e-01
2.985669969454072259e-01
2.050925625373536676e-01
1.470811494561282129e-01
2.146882768559117416e-01
2.469216263131027711e-01
2.226634931590200372e-01
2.551656008870339942e-01
2.989432343022516703e-01
1.888470273370063957e-01
1.565597460083483772e-01
1.201019834038346834e-01
1.219612434075320190e-01
5.079828822082302353e-02
2.000792984157250820e-01
2.170921851314617235e-01
1.982544013307639408e-01
2.248532799021447648e-01
1.255121666026578486e-01
2.593454283103535651e-01
2.169785176987174824e-01
2.542036213884689699e-01
2.441595169918043262e-01
7.081313363389755977e-02
1.082533682640802741e-01
1.217099178312434082e-01
1.257551451539792864e-01
1.296507176706933329e-01
1.462638541193414243e-01
1.487859179405548460e-01
1.515233516089980192e-01
1.533942807395904939e-01
1.786482253307505319e-01
1.847977886036579476e-01
1.884025762666649839e-01
2.023971150611257319e-01
2.074226389593284425e-01
2.124929192728311489e-01
2.169168116802357993e-01
2.209546227074688507e-01
2.373549806642958893e-01
2.411033402818625604e-01
2.431555714238378407e-01
2.440613009689791557e-01
2.446816042300193339e-01
2.486170413181660876e-01
2.497236438044518614e-01
2.514926622804898315e-01
2.518718398698555072e-01
2.548089110909165234e-01
2.649939002193386628e-01
2.663253900237640415e-01
2.696230912977031768e-01
2.705490088293548978e-01
2.792782051520751874e-01
2.832451335579433405e-01
2.837009153715243093e-01
2.838795541216316831e-01
2.880995588273810304e-01
2.898670941052442496e-01
2.942209754142939837e-01
2.996933968315381724e-01
3.002277973697207725e-01
3.026479570291180088e-01
3.060466537996933134e-01
3.063074651364051104e-01
3.074073224505736723e-01
3.164916065696455894e-01
3.168328204315992158e-01
3.180744799856539129e-01
3.188642389013415790e-01
3.210063586175910255e-01
3.228129070630856856e-01
3.228299355801003134e-01
3.282841920415585646e-01
3.296050497697495807e-01
3.332873882401655719e-01
3.334525244170988278e-01
3.343932647134026936e-01
3.411601021407483780e-01
3.430810930272174541e-01
3.442497096867520590e-01
3.459573033672876941e-01
3.478804258249146852e-01
3.484230363796597674e-01
3.496857286999198733e-01
3.506161532227163313e-01
3.525642588481116557e-01
3.571904347775747279e-01
3.638044430603367685e-01
3.638480765451530541e-01
3.656778705570858379e-01
3.689567694770000128e-01
3.708354921766066625e-01
3.718142853959450211e-01
3.761843348147313471e-01
3.807944122936411380e-01
3.812677080758389292e-01
3.870104583465898695e-01
3.921606668187238021e-01
3.930028634871412518e-01
3.968500245710973595e-01
3.974893824728353842e-01
3.981007634983126930e-01
3.998239274831612566e-01
4.003104457321050025e-01
4.005502514448052720e-01
4.013684870638608571e-01
4.026998326385075044e-01
4.065666494207566539e-01
4.065981315908420712e-01
4.071651240323264642e-01
4.194126940368003154e-01
4.213984190568029198e-01
4.215493815497994845e-01
4.227479726389088421e-01
4.233139635532368605e-01
4.276470127635025875e-01
4.277057034172573879e-01
4.280702646986331850e-01
4.289300541811273404e-01
4.306220056389324369e-01
4.311135576539699144e-01
4.319012620244747636e-01
4.334654084383151029e-01
4.360328986266540641e-01
4.363087578717079196e-01
4.388154259092520437e-01
4.418701656764750241e-01
4.431007303597417346e-01
4.442229366883025943e-01
4.443883283324573386e-01
4.444178128219721247e-01
4.446626586125335678e-01
4.511683100497538290e-01
4.531416101140692820e-01
4.569863023854555117e-01
4.583016057104961627e-01
4.584739378430620071e-01
4.608047322439807192e-01
4.608584287188564055e-01
4.614509123385325262e-01
4.635131684168045108e-01
4.635624760864552885e-01
4.638625693277975692e-01
4.654804298986938704e-01
4.702915940041887399e-01
4.703166976216058837e-01
4.719170002166468425e-01
4.729280955359068672e-01
4.746623083956624800e-01
4.753860424726706890e-01
4.761119168460359874e-01
4.765702691603001528e-01
4.768010173654244621e-01
4.802041292180136423e-01
4.802690571616919923e-01
4.836429494778073934e-01
4.837618665319688427e-01
4.939360874429381543e-01
4.951631335916282239e-01
4.962442079580823839e-01
5.012218335720458606e-01
5.027400455609425389e-01
5.029305383782742833e-01
5.036398069063462435e-01
5.049660161393236812e-01
5.058381841585859462e-01
5.067970298295471077e-01
5.079319024935142757e-01
5.080479339215266954e-01
5.107932256928543469e-01
5.130921976390405703e-01
5.141328623837390088e-01
5.146991648935452801e-01
5.147583274705227474e-01
5.153055268859848548e-01
5.153591453359828156e-01
5.166346770864371774e-01
5.177045442279692988e-01
5.182318040066323794e-01
5.191517359020894062e-01
5.201174602777207667e-01
5.206788563382838131e-01
5.209189215854318489e-01
5.211074935643460471e-01
5.230978869737741288e-01
5.235914372881955714e-01
5.243818500632793089e-01
5.246618049698881237e-01
5.254812321967317068e-01
5.256551304831040827e-01
5.279634181588316322e-01
5.284560814032134290e-01
5.302353551448975022e-01
5.306738920058420295e-01
5.309017492052847675e-01
5.338003539219682292e-01
5.342590850135960912e-01
5.346900596559709395e-01
5.347211388344710326e-01
5.361658992313536043e-01
5.383569461081890717e-01
5.426140328213930886e-01
5.435758748431718246e-01
5.436915067630970766e-01
5.437366041643372228e-01
5.461440457023490902e-01
5.474175670722030151e-01
5.481965720871311287e-01
5.489167878159547653e-01
5.491673253392975740e-01
5.492738340564435884e-01
5.512768548392119605e-01
5.522823876687286138e-01
5.540941325260998473e-01
5.541119720560168105e-01
5.548420574387780135e-01
5.575174068330128740e-01
5.583937589966665449e-01
5.584595868074179181e-01
5.584815411912735783e-01
5.595392873868338945e-01
5.635079393018342930e-01
5.691731799407482306e-01
5.740539230250388814e-01
5.758245727897043365e-01
5.760093764999769661e-01
5.760175355873041747e-01
5.764986491781476374e-01
5.775815961915908847e-01
5.775983665626900354e-01
5.783289295426756738e-01
5.784769475208098033e-01
5.790190867211912895e-01
5.791188491132028826e-01
5.795706211621980408e-01
5.824959591651219792e-01
5.837406625202028465e-01
5.840527897062190998e-01
5.870635890093175435e-01
5.871217978118983272e-01
5.877925848590024316e-01
5.883502303195555783e-01
5.887085822969406745e-01
5.888204427420373754e-01
5.888565065521109698e-01
5.894406903426089306e-01
5.899383516898395463e-01
5.910332361358052733e-01
5.920144929662344291e-01
5.946526999770982425e-01
5.947943825363293247e-01
5.948492401627593074e-01
5.958217072193108255e-01
5.963320976189119271e-01
5.963493603205141103e-01
5.966152470794806595e-01
5.982051104418357745e-01
6.022299270643810543e-01
6.042607826056620723e-01
6.089455341916147901e-01
6.103783247974645665e-01
6.108517094668317604e-01
6.136415570335657099e-01
6.140061986368550162e-01
6.172134135785087850e-01
6.175473382509120146e-01
6.178414289008280491e-01
6.191373187969657632e-01
6.196819330648093427e-01
6.198377516171516000e-01
6.199222359766077828e-01
6.203155041010965931e-01
6.207197986574923831e-01
6.244239509537256039e-01
6.277769488842106504e-01
6.294952249623895213e-01
6.304588386154393875e-01
6.318812819597858788e-01
6.319850709110420572e-01
6.345381227715349848e-01
6.352809254051363652e-01
6.361880252314697781e-01
6.362742074162996975e-01
6.364122634171918147e-01
6.378395448710786342e-01
6.384500477078731695e-01
6.392310499380587929e-01
6.401362998683196581e-01
6.405979099035501445e-01
6.412704714581323184e-01
6.419333628162223748e-01
