3.073605407884651836e-02
7.381397494938775339e-02
8.809903368258407974e-02
9.754598507991521505e-02
1.021032808973968975e-01
1.068940342712508540e-01
1.106663688164266079e-01
1.135688216483891622e-01
1.158384204882142027e-01
1.198725615556148621e-01
1.227052504063180782e-01
1.241722870843291748e-01
1.301823765563460134e-01
1.382667798437074436e-01
1.415397897666408333e-01
1.438949730766022062e-01
1.491739671521064015e-01
1.497777892471011396e-01
1.555950906461682770e-01
1.563556188746422770e-01
1.582704096090382928e-01
1.607250031173353966e-01
1.670094741751906309e-01
1.679457147874566514e-01
1.714669474277627503e-01
1.724954644740657184e-01
1.730293237048011745e-01
1.740150356343931892e-01
1.741693486611858577e-01
1.780457135060593832e-01
1.784822239052289150e-01
1.795096660892099294e-01
1.795556941806432660e-01
1.831929647809865114e-01
1.832275752705548877e-01
1.841239951361235416e-01
1.841393179507257172e-01
1.875745713827125516e-01
1.881567285645240339e-01
1.902782022725247046e-01
1.919308715377430752e-01
1.924283933942396163e-01
1.924323116003214262e-01
1.928623106887099037e-01
1.931297724202616362e-01
1.940952713195428780e-01
1.948536064130574064e-01
1.953089735392830595e-01
1.957421472045505206e-01
1.973888832802776772e-01
1.989981225598791148e-01
1.999001372474870641e-01
2.019988160065235017e-01
2.023435441528998457e-01
2.035261891996909545e-01
2.043086463774919648e-01
2.072454285574698019e-01
2.089532023652121984e-01
2.089577732373135155e-01
2.108098576239653132e-01
2.144712305947232278e-01
2.153267895745438198e-01
2.158698189402902257e-01
2.162102956051059899e-01
2.164915793124331522e-01
2.167048137200135449e-01
2.181790075640079873e-01
2.186268255066415311e-01
2.211790170488884266e-01
2.216447082612574282e-01
2.222160755985445602e-01
2.259315080973849088e-01
2.263115371035402945e-01
2.268711758969592374e-01
2.296208895322609522e-01
2.318168118304923808e-01
2.323139910662314622e-01
2.324089450525552158e-01
2.335397008329584689e-01
2.335997272344681186e-01
2.361435354243205942e-01
2.374865397613828422e-01
2.376315210853197357e-01
2.377440883217309953e-01
2.377968591134199949e-01
2.389099822447089683e-01
2.402138849479745764e-01
2.406357898502540782e-01
2.450506326020185088e-01
2.464915292362253596e-01
2.473809566619030176e-01
2.475857114687621263e-01
2.479535392391395421e-01
2.485032338103791150e-01
2.500873616341321437e-01
2.521760011292888959e-01
2.527941859961658211e-01
2.550091191241138922e-01
2.560344182953586678e-01
2.562657575840059376e-01
2.567467189157137675e-01
2.568887530748665826e-01
2.571157756210940559e-01
2.577251454984220147e-01
2.585005141830883924e-01
2.609039276877397340e-01
2.610259871356149786e-01
2.620259829685434028e-01
2.638275854274736432e-01
2.638527683583111183e-01
2.675566675488459389e-01
2.680253947351949884e-01
2.683489184843409481e-01
2.686248819600796089e-01
2.703021930707956155e-01
2.708386088064819175e-01
2.717640954902640904e-01
2.724440958174269012e-01
2.731054083858879822e-01
2.746238608209031762e-01
2.755145065502716539e-01
2.759684807496042280e-01
2.763312307965832271e-01
2.765830730905419199e-01
2.766857494919751081e-01
2.767441283442744204e-01
2.789808342304138100e-01
2.798440659131570807e-01
2.799182694090672219e-01
2.799424331209545702e-01
2.818865705541785394e-01
2.826627423115032345e-01
2.829979066318935033e-01
2.837718001915580102e-01
2.849839307299806279e-01
2.852296109352642217e-01
2.853135207488288749e-01
2.854075853086813774e-01
2.856733095637834507e-01
2.875078852739538227e-01
2.882895806311229769e-01
2.884016674985559470e-01
2.891138688135281298e-01
2.910613033443394948e-01
2.912929306097584714e-01
2.918942061119642606e-01
2.947785608390050549e-01
2.952223458580245374e-01
2.962135785804760890e-01
2.971794924353514666e-01
2.973785549391707583e-01
2.992708576001035237e-01
3.004966539510888213e-01
3.008355855645959420e-01
3.010417386599458789e-01
3.012277449036797616e-01
3.025366032456298093e-01
3.030647948652281931e-01
3.038294373683427807e-01
3.038648698574704099e-01
3.040084288774451138e-01
3.050797952965780269e-01
3.057469516018285205e-01
3.058099403216404943e-01
3.075863986357924573e-01
3.076011346992955642e-01
3.088546746571247392e-01
3.098529596540764985e-01
3.122306629043871129e-01
3.137705425627036471e-01
3.144614126018479561e-01
3.148176036169374470e-01
3.153259293844499767e-01
3.159669411402647454e-01
3.165735386144423735e-01
3.166409975886793071e-01
3.175922889983007202e-01
3.176557001374378242e-01
3.178612979201789757e-01
3.197198919343102186e-01
3.212206164407891973e-01
3.215209720705614060e-01
3.234458389850645155e-01
3.247366989544545057e-01
3.251825049811681856e-01
3.254694959868175141e-01
3.255130562530665350e-01
3.261015210145014054e-01
3.263372618465150143e-01
3.273981002040396437e-01
3.295611191953451424e-01
3.297987513710927132e-01
3.301572008771345157e-01
3.301823141439390596e-01
3.330708605182894910e-01
3.341822500587506850e-01
3.352802112776058219e-01
3.365552121833303989e-01
3.372726094932163576e-01
3.374718967026980598e-01
3.391813780567396464e-01
3.394761548200209145e-01
3.395376149334335403e-01
3.400720913038780546e-01
3.407081699701799415e-01
3.413688144095357591e-01
3.416402171218534400e-01
3.434871499645673620e-01
3.449714866022098869e-01
3.452716211113606715e-01
3.456266248447366629e-01
3.458949682596980657e-01
3.464077164460310776e-01
3.465820024459466131e-01
3.475133379184475180e-01
3.479388872939622734e-01
3.480806309483602812e-01
3.481592028027654107e-01
3.485327307098770033e-01
3.489827783973584729e-01
3.494609678542794917e-01
3.500074169798724211e-01
3.508330996233456900e-01
3.523311413861577868e-01
3.523448909074702318e-01
3.525421055827220873e-01
3.529429278472889231e-01
3.541341974326912556e-01
3.543364365916394920e-01
3.551229474896362981e-01
3.554330433697842073e-01
3.559038773833422820e-01
3.560759226210091777e-01
3.562791270508709474e-01
3.576619931308109845e-01
3.580510518028970912e-01
3.581159740467618757e-01
3.592074958163910536e-01
3.595879996043945259e-01
3.603692151548940625e-01
3.608765247406403032e-01
3.616758389418904818e-01
3.624156641469867823e-01
3.639164193594768837e-01
3.644050717680869522e-01
3.648087792760472681e-01
3.658568527342198617e-01
3.659384188261776694e-01
3.662858717412429410e-01
3.666428850948090234e-01
3.677327627829138357e-01
3.685313359705574832e-01
3.695493750216922724e-01
3.710949542809844903e-01
3.714806299404462830e-01
3.716037460805051706e-01
3.716449125873479975e-01
3.721515013623791224e-01
3.729081710866252730e-01
3.744447233185679291e-01
3.747631807429846473e-01
3.749717439658433737e-01
3.750434551314143494e-01
3.754367745539582968e-01
3.757026528819084055e-01
3.765160037950688876e-01
3.779196275992122711e-01
3.789500855747097163e-01
3.804370511528084586e-01
3.826675482531189942e-01
3.828989600505798840e-01
3.846643892728212055e-01
3.854672947204857425e-01
3.855464543396143196e-01
3.864031325735834965e-01
3.866845141625148696e-01
3.896669974879805043e-01
3.897134136949721439e-01
3.901785321533438600e-01
3.909239158162623462e-01
3.912028470908172073e-01
3.914660346824018200e-01
3.921711634561969584e-01
3.925135976671970672e-01
3.929648752608226325e-01
3.938812251653479590e-01
3.949421052343611294e-01
3.953292625437289098e-01
3.953593373425944302e-01
3.964113760897996497e-01
3.975130195670243394e-01
3.975509055286294835e-01
3.985185873149069691e-01
3.991687737072422415e-01
4.002001989317609532e-01
4.011610321165086646e-01
4.016267345831284197e-01
4.019230857231167464e-01
4.019526315926919002e-01
4.021108480784640338e-01
4.027377477174106657e-01
4.027505850758492101e-01
4.029888148039567630e-01
4.039877787098621331e-01
4.042972082270283041e-01
4.054153737388427325e-01
4.060518472143935798e-01
4.060689807274125984e-01
4.067729832241558929e-01
4.074039165002854568e-01
4.076434306583288647e-01
4.079796788990015521e-01
4.079999997963515423e-01
4.084034380195231129e-01
4.084127677950060709e-01
4.097940577461059442e-01
4.101778790113376205e-01
4.109655581701426863e-01
4.127025859800157459e-01
4.127786820293294356e-01
4.128529597393971740e-01
4.128945210453203174e-01
4.129034695460018778e-01
4.135465190014373515e-01
4.135484570945535676e-01
4.137007449937654679e-01
4.137732955083280872e-01
4.138790147942578157e-01
4.140586927899324587e-01
4.152950441153938077e-01
4.156647483243475771e-01
4.159303405699198986e-01
4.168832514141032064e-01
4.175612560997618017e-01
4.187470933372317572e-01
4.189629746018307399e-01
4.190723764474393320e-01
4.191189612538431808e-01
4.196552262887545126e-01
4.199565933026195852e-01
4.206110115091428181e-01
4.208675198768180858e-01
4.215612390686329092e-01
4.219739930540417072e-01
4.222113410227639196e-01
4.225028732319258129e-01
4.225536983090119048e-01
4.231246414638463738e-01
4.235711994030180172e-01
4.241522198490367268e-01
4.249038215233686966e-01
4.259045673542940502e-01
4.259272151244525295e-01
4.262108401198781982e-01
4.270592762084721161e-01
4.271373091503875008e-01
4.275127796284076132e-01
4.279522543011485824e-01
4.282717372085746987e-01
4.285511888964927962e-01
4.299894766003657387e-01
4.304562490788426676e-01
4.305129112994445784e-01
4.306663381338111662e-01
4.310711813315922791e-01
4.319981470163768988e-01
4.325930817034959186e-01
4.331103486322541718e-01
4.332450900921093750e-01
4.336175483836148814e-01
4.355455793211173710e-01
4.357430600358001005e-01
4.358692563527682973e-01
4.361770814939487928e-01
4.364558143466457651e-01
4.366228087567328719e-01
4.368105297765858541e-01
4.374627125070181810e-01
4.384795102397664457e-01
4.386671640692905161e-01
4.393399580424871553e-01
4.397331912686613387e-01
4.397359279502656149e-01
4.397928250548430174e-01
4.399070217045028541e-01
4.401034839680228461e-01
4.403726359412810099e-01
4.404128892832767095e-01
4.405154607680773493e-01
4.410939909830070560e-01
4.417197823103701237e-01
4.420882824302089231e-01
4.423477577019343521e-01
4.426310374317708463e-01
4.426366224926115978e-01
4.442924175636608908e-01
4.445259288477809156e-01
4.451788750064547551e-01
4.459264943349472432e-01
4.460537078701478642e-01
4.461991439091035350e-01
4.462484978538240887e-01
4.471733135977554729e-01
4.471742478999706782e-01
4.476094723312524226e-01
4.481755908121903831e-01
4.495748017043388334e-01
4.496029788880012146e-01
4.498798387183047809e-01
4.498799042877061338e-01
4.511216767694410934e-01
4.511411175399143714e-01
4.511464812439893723e-01
4.513736630838026676e-01
4.528311883293235085e-01
4.528818649087791304e-01
4.535565402170096405e-01
4.536932729302962652e-01
4.544258539103246952e-01
4.549933195347818926e-01
4.554142789134803526e-01
4.555186928449930783e-01
4.556381031795356251e-01
4.556778353241640600e-01
4.558116823764623571e-01
4.559555760075847397e-01
4.560073662894761903e-01
4.567321174470658218e-01
4.567942548950350012e-01
4.568785450284251204e-01
4.570022816084650108e-01
4.572177852210087545e-01
4.578908684847792787e-01
4.581540715674628506e-01
4.582111402336495609e-01
4.589143388771104171e-01
4.594216030959566988e-01
4.596253842208163354e-01
4.603229580789272024e-01
4.609641028904926108e-01
4.623731093932721969e-01
4.623805961724061220e-01
4.631042558892338179e-01
4.632128681466057829e-01
4.640025205662399177e-01
4.643979810559338839e-01
4.645775176486722224e-01
4.649385333028208667e-01
4.649434478215355715e-01
4.651065085811205146e-01
4.659189509053276446e-01
4.664830814185569885e-01
4.666312140871541336e-01
4.669556250756550231e-01
4.670870300508273565e-01
4.676975837226610699e-01
4.679200217497327952e-01
4.680227739175744639e-01
4.681813903958823575e-01
4.684024467998190167e-01
4.687808542952618396e-01
4.690592924022928267e-01
4.692935633692958408e-01
4.692942115047507023e-01
4.693077786418586306e-01
4.694284605561669377e-01
4.694556584773973418e-01
4.695122488424734453e-01
4.696196923532091616e-01
4.697087768587991929e-01
4.697134212151362620e-01
4.705540920753455980e-01
4.709944625859108225e-01
4.711078936524953353e-01
4.715871940576631394e-01
4.719771029738045187e-01
4.728725794722342668e-01
4.732200054120024313e-01
4.733943444603109785e-01
4.734820194018991013e-01
4.737120064024186172e-01
4.738469379426210049e-01
4.740751990502319879e-01
4.740935358288568269e-01
4.751114709521410129e-01
4.760751810651835392e-01
4.764541208951585949e-01
4.766795459084236519e-01
4.775616228765220406e-01
4.775970791487442191e-01
4.781377106535382726e-01
4.789493992296219860e-01
4.790041501933479662e-01
4.793148727503416806e-01
4.796403592815569605e-01
4.807858083681706973e-01
4.814574041649808955e-01
4.818315601712349627e-01
4.820648741697642903e-01
4.825139183558324607e-01
4.826511788461822494e-01
4.827649397256333907e-01
4.839217234664670575e-01
4.840228179986973966e-01
4.841320682924285523e-01
4.841929039308047744e-01
4.843781549183185930e-01
4.861836697214670933e-01
4.863085501506856922e-01
4.869444730154615097e-01
4.879656903019564673e-01
4.880303445270015583e-01
4.887840147559533444e-01
4.895696323719564425e-01
4.902635759871201704e-01
4.906180836474831053e-01
4.909950864130558923e-01
4.911557978283568326e-01
4.913883957133947655e-01
4.914025407632718334e-01
4.925316224097180395e-01
4.928169938317334964e-01
4.931788213209001293e-01
4.945772452485578952e-01
4.950363276027824888e-01
4.950967783530463295e-01
4.955190173423117961e-01
4.961140486928024562e-01
4.961453217252624892e-01
4.966971280368178698e-01
4.969132634899120493e-01
4.975785461855775083e-01
4.977076615537698867e-01
4.977136766841999682e-01
4.977400954598102389e-01
4.978350432038668449e-01
4.987477194441569672e-01
4.991919187890906384e-01
4.994341531104882770e-01
4.997266232267002506e-01
4.998536693168037504e-01
5.001721577599491653e-01
5.002678107044964406e-01
5.011147967473355003e-01
5.012295479635513473e-01
5.018364892175115610e-01
5.018476555996486121e-01
5.019317280129798053e-01
5.021577565015501454e-01
5.026164329163591571e-01
5.028529754220919523e-01
5.033225055081986810e-01
5.036500293280443685e-01
5.041147086872981298e-01
5.059473010409033522e-01
5.059779339247059138e-01
5.067460257285560932e-01
5.069716339307935860e-01
5.070160249309751954e-01
5.079512009925766236e-01
5.079892706522599610e-01
5.082448469682184777e-01
5.094088546751112112e-01
5.099259360185394163e-01
5.101796215862848261e-01
5.104698116607729874e-01
5.105989495386653587e-01
5.107412027794344667e-01
5.111021279450965737e-01
5.120876537929982542e-01
5.122283635860686024e-01
5.123434777226579806e-01
5.124458746426667766e-01
5.127087947482259489e-01
5.127165069615294835e-01
5.129058781318811544e-01
5.136303611844086348e-01
5.144104506318530889e-01
5.144705802176094966e-01
5.149638577926058947e-01
5.151434279618470891e-01
5.179537950634303112e-01
5.183223425322951439e-01
5.185204269528080889e-01
5.190990169942363286e-01
5.192074413374077047e-01
5.192658813453666644e-01
5.193256932714747087e-01
5.194172687175616643e-01
5.195458830092518632e-01
5.202054008467931201e-01
5.203897910352424105e-01
5.205001696889568485e-01
5.206554899589760366e-01
5.210485513873055474e-01
5.211858824737526374e-01
5.217635260413762133e-01
5.219156801955966429e-01
5.221040014821132225e-01
5.224491934518533665e-01
5.227898894821877418e-01
5.233669320235396771e-01
5.238775128872175113e-01
5.240152672462992101e-01
5.241431878983502379e-01
5.245990086270290176e-01
5.246863691155188025e-01
5.248218468975290874e-01
5.249957987564866091e-01
5.250114410264078435e-01
5.259404802729700235e-01
5.261142342152049789e-01
5.262188839436857668e-01
5.263704639220755377e-01
5.267136972765458225e-01
5.277926245921832349e-01
5.290637848292876200e-01
5.296227335392407198e-01
5.296605390815372072e-01
5.300810445026600259e-01
5.305168871286942700e-01
5.319219273326376562e-01
5.327147104448747283e-01
5.331976012132803033e-01
5.332649034510854591e-01
5.340383150241239107e-01
5.351962135369761064e-01
5.358590558289411110e-01
5.359857232010236672e-01
5.360992878584981414e-01
5.373468412646952297e-01
5.377160333396195924e-01
5.378172511854029114e-01
5.381976456216972515e-01
5.389039621795098656e-01
5.393003623640715283e-01
5.394566608258692941e-01
5.395027518615888029e-01
5.398607402232752372e-01
5.403738122827026480e-01
5.406232889044766399e-01
5.408894709703349069e-01
5.412561803740056909e-01
5.417080476812610179e-01
5.417829183870905840e-01
5.423314252839265270e-01
5.424935369514125583e-01
5.428598768778745143e-01
5.431057258333961135e-01
5.434657812805560040e-01
5.435853739860182499e-01
5.436660319295973931e-01
5.438499984065759962e-01
5.439690910545085245e-01
5.443162684919673477e-01
5.445262608074796784e-01
5.448415897490338500e-01
5.452513268649792355e-01
5.453533214676706820e-01
5.453607532686332027e-01
5.462098006237094960e-01
5.467289545510772841e-01
5.469798534451857375e-01
5.470737216334039532e-01
5.476171813141157418e-01
5.481007620208228071e-01
5.481275244401815350e-01
5.485642450556817984e-01
5.490654939432527692e-01
5.506693018312200927e-01
5.517037369222321797e-01
5.519854047945649267e-01
5.525547783530919688e-01
5.526212338362808119e-01
5.529035573568047424e-01
5.531197049760211426e-01
5.536155248958962716e-01
5.540805604041618704e-01
5.541050401412471738e-01
5.541600275409310772e-01
5.541929753969243588e-01
5.543977124259187317e-01
5.549540622476868412e-01
5.549972822748880930e-01
5.551531423981447277e-01
5.557860416496973599e-01
5.561229850639197725e-01
5.562946824936314538e-01
5.566029934789953337e-01
5.567379777981383837e-01
5.572722400641848539e-01
5.576486402077052151e-01
5.582357664022206123e-01
5.583198443350250173e-01
5.591104916927404078e-01
5.602034447902806136e-01
5.614117413065463635e-01
5.614392519172209939e-01
5.615029049561299779e-01
5.621209173356392919e-01
5.621372846411163415e-01
5.621644475197871138e-01
5.622416651635048224e-01
5.623408843185344619e-01
5.623435730070474037e-01
5.626020728746841115e-01
5.626053584051649015e-01
5.630071120926755102e-01
5.633176059945790293e-01
5.634352976948040492e-01
5.638712977798946424e-01
5.645079852199481607e-01
5.651454775155229093e-01
5.660560534352147011e-01
5.661347638051862363e-01
5.663978823566406806e-01
5.666875446989760867e-01
5.674803809191173443e-01
5.677880889460219516e-01
5.678299235975143855e-01
5.681599979922394850e-01
5.683451691726079114e-01
5.683584522989598709e-01
5.686683183948347819e-01
5.695694036949708883e-01
5.698679257761811723e-01
5.701063000441516371e-01
5.702554093023901594e-01
5.715555741524751543e-01
5.715664549696006791e-01
5.715676011483263874e-01
5.719181588012107742e-01
5.721337031040933940e-01
5.725666728000875505e-01
5.729320223747338403e-01
5.732401082644963397e-01
5.736599811941915927e-01
5.741773282134543521e-01
5.748559412600857677e-01
5.751609964759373250e-01
5.758741523782648919e-01
5.761163921932508369e-01
5.762107607836033374e-01
5.764247847988418494e-01
5.768561859306094997e-01
5.774060404627632259e-01
5.775316814151800759e-01
5.777513222647857605e-01
5.784151981351438598e-01
5.788572115783976457e-01
5.789845890025542285e-01
5.792036731125336235e-01
5.796707117760813155e-01
5.796846978231660064e-01
5.797243365027463513e-01
5.800222994071009275e-01
5.807151012138948021e-01
5.808976874032977245e-01
5.816289502954998802e-01
5.820704461477586023e-01
5.823925117439575638e-01
5.825520411443911861e-01
5.831095592641755143e-01
5.831145357969389487e-01
5.839506604691482305e-01
5.840493353067857107e-01
5.841447743510785884e-01
5.843501444340981621e-01
5.859360331059720872e-01
5.861884451016026176e-01
5.864213358972787393e-01
5.865535183787187190e-01
5.871384463620931138e-01
5.878469691082610638e-01
5.886394994694835736e-01
5.886469384664619886e-01
5.891660168333200387e-01
5.895254828684425297e-01
5.908941877589805047e-01
5.920878856267648427e-01
5.921005429758736671e-01
5.921499910991980808e-01
5.924727272476837392e-01
5.929341449710844314e-01
5.929513532310077828e-01
5.930760832854826692e-01
5.931692403438750816e-01
5.938083308000150495e-01
5.938191177059770620e-01
5.943797284270813108e-01
5.952416981510828542e-01
5.953399656688296293e-01
5.955407414645221831e-01
5.955715312955480734e-01
5.957018994245142363e-01
5.960292715047499357e-01
5.961682612013491367e-01
5.962507834630750292e-01
5.963919683579670394e-01
5.964742375243887729e-01
5.964790786177261994e-01
5.967230076049117038e-01
5.974227778765527352e-01
5.974438447559821119e-01
5.976054573460160002e-01
5.979523615080942767e-01
5.980168106654198956e-01
5.984071992838098097e-01
5.988441199467162690e-01
5.989912151920520067e-01
5.991283486211842479e-01
5.991456928317759889e-01
5.993172552234407036e-01
5.995482071303215310e-01
5.997642879407970584e-01
6.002779547843124508e-01
6.007428725190826491e-01
6.010845782225723299e-01
6.015699387075559290e-01
6.020571679811879129e-01
6.021383746850775820e-01
6.024904912895858722e-01
6.032504462746590690e-01
6.036274938458514594e-01
6.037859450900220359e-01
6.048404588160523065e-01
6.052117889251547034e-01
6.060323709943152837e-01
6.061174264944786394e-01
6.062292754650159265e-01
6.062860035450106100e-01
6.063886135504659158e-01
6.074846983749848661e-01
6.079042312275949600e-01
6.079091702841535882e-01
6.093357467138286188e-01
6.093436147603118469e-01
6.100649985181396673e-01
6.100746945945415556e-01
6.106395188503803695e-01
6.109926432210556202e-01
6.110002003365230250e-01
6.112176003038639616e-01
6.113128692338123393e-01
6.117716130933691376e-01
6.118874808272112276e-01
6.119830852934925458e-01
6.122740793004155524e-01
6.122987463593130286e-01
6.123347893970793043e-01
6.125219113869375676e-01
6.126739809330562503e-01
6.127964421936969996e-01
6.135701125860291150e-01
6.140041927330390781e-01
6.146643651893852756e-01
6.152408581432622370e-01
6.161379352880891336e-01
6.166300924608001388e-01
6.167495400353227852e-01
6.172415582621753050e-01
6.175081137607357773e-01
6.179633382602132130e-01
6.181342381583889711e-01
6.183148017947248665e-01
6.183882986352311484e-01
6.184306956720018178e-01
6.191333587222507262e-01
6.193407899312292075e-01
6.195008816094303983e-01
6.197839231209643085e-01
6.197901752337854342e-01
6.201801326971660977e-01
6.202473204556211428e-01
6.208481481484763309e-01
6.212740096948158319e-01
6.219835140610903146e-01
6.222324627384614448e-01
6.222512573873939523e-01
6.223847292209483406e-01
6.224318275732217964e-01
6.230480935565281264e-01
6.230526303712738967e-01
6.231715142151132980e-01
6.232533194823451916e-01
6.234712375541042739e-01
6.235006482549271256e-01
6.235947460870849834e-01
6.236110519226578663e-01
6.237387808015910640e-01
6.238053246254133821e-01
6.239201828919982429e-01
6.247073029995000581e-01
6.252606452212303711e-01
6.254613221203330076e-01
6.255702849772322161e-01
6.257345948992305562e-01
6.259101811480296540e-01
6.263608385250822863e-01
6.269130108149219005e-01
6.273967090042478212e-01
6.273968144973409711e-01
6.276784769597276714e-01
6.279531413551238117e-01
6.281325901754623020e-01
6.286568325698762560e-01
6.286571871477322215e-01
6.293967957030501825e-01
6.296377079093677942e-01
6.297305158618267118e-01
6.300508087592547879e-01
6.303779607405890495e-01
6.304808267744110850e-01
6.305067309419369881e-01
6.306365313456606669e-01
6.308842288685839739e-01
6.310075763904710033e-01
6.311758288778177572e-01
6.319085217295887791e-01
6.322410868518900662e-01
6.327863465628609241e-01
6.331479605203909067e-01
6.332273987022219996e-01
6.351139871421995764e-01
6.351270133105284543e-01
6.352970661710353184e-01
6.353152551520436786e-01
6.358807871345282248e-01
6.359909103828944588e-01
6.360983479641730831e-01
6.364800036165234598e-01
6.367065737099417699e-01
6.373724374342444321e-01
6.373844914702364584e-01
6.377474641712939096e-01
6.383040459524460530e-01
6.384430183650925406e-01
6.385736258140681798e-01
6.393460451635366582e-01
6.404051117152735895e-01
6.407428312296775674e-01
6.423372484408347294e-01
6.426115945830070952e-01
6.426501161824588193e-01
6.430798425427486364e-01
6.435476360105993887e-01
6.437005504772754794e-01
6.442064369165625415e-01
6.449033733447545602e-01
6.449885539949183899e-01
6.460660048937150179e-01
6.461731074347434323e-01
6.463759387933787348e-01
6.466426259039308455e-01
6.481112613826194302e-01
6.485717617701143300e-01
6.489214268735679081e-01
6.489640995951937441e-01
6.496697457635988160e-01
6.497271193623460617e-01
6.497486465550423862e-01
6.504078832572316449e-01
6.513096162480411788e-01
6.513366404894527228e-01
6.513465078286934107e-01
6.514859413830964563e-01
6.518187583981507327e-01
6.519997570905027295e-01
6.523729760799477084e-01
6.530121235878586505e-01
6.532441178178705066e-01
6.533375266764717137e-01
6.535945187913281273e-01
6.537787176336242734e-01
6.537961990313386762e-01
6.538392828311979654e-01
6.540256748292316846e-01
6.544216972477621130e-01
6.544994753905871709e-01
6.549781989748140187e-01
6.552327847579076936e-01
6.552601488471242464e-01
6.554943913588107129e-01
6.557196500664868033e-01
6.558691359406685351e-01
6.560667784017479853e-01
6.562034062151966829e-01
6.563479955228455065e-01
6.563584027997304560e-01
6.568296142974018315e-01
6.568512103291398452e-01
6.569946534984584252e-01
6.574660243578765995e-01
6.576608673730355292e-01
6.584827597646909503e-01
6.589091705369019003e-01
6.591342092502763261e-01
6.594112779513666700e-01
6.598430268834940549e-01
6.602283065184970656e-01
6.605139740846253105e-01
6.606921342437199751e-01
6.609167733804430789e-01
6.614379782118495754e-01
6.615649685770700339e-01
6.621548133849833873e-01
6.621586068849077966e-01
6.622192652067691032e-01
6.624674052512647959e-01
6.624755819343671748e-01
6.625932037316492051e-01
6.627106735352636946e-01
6.629304906526961583e-01
6.630779823630078562e-01
6.631896490990804027e-01
6.634808409982765331e-01
6.651557452281559035e-01
6.652676136039615828e-01
6.653367972804647978e-01
6.655351352209097904e-01
6.657788908601700584e-01
6.661483737935651739e-01
6.662550083560951908e-01
6.663044648574958373e-01
6.663550589563717041e-01
6.667581076939745888e-01
6.670171985623484234e-01
6.670490561632399507e-01
6.674273961998442584e-01
6.678283881355020490e-01
6.679770408337526444e-01
6.682595871313425917e-01
6.685751847391396829e-01
6.687451968013802261e-01
6.687773916953265729e-01
6.687893530320405677e-01
6.687934425524642013e-01
6.690167737883393473e-01
6.690218594289265575e-01
6.696540282031872016e-01
6.698972022941201976e-01
6.707540660772388641e-01
6.709444679067302353e-01
6.715362867196881247e-01
6.717061848769388943e-01
6.717711996989604861e-01
6.717967683377430443e-01
6.719205844964880603e-01
6.725701620820788706e-01
6.738984922021169499e-01
6.742076361670543694e-01
6.744762124223779853e-01
6.745613396059835232e-01
6.757227288124654230e-01
6.760597145345180747e-01
6.761417973562633410e-01
6.766719562278560307e-01
6.768886669581042348e-01
6.771400124963149469e-01
6.771418836668454677e-01
6.772887681155639328e-01
6.778023933799591783e-01
6.780096823066474876e-01
6.781879590619512843e-01
6.783900479896872726e-01
6.787071555560025837e-01
6.787439847302514373e-01
6.792539424175211282e-01
6.793012719462980797e-01
6.799543061470973981e-01
6.802428378137909126e-01
6.804584230369030706e-01
6.806776518816466393e-01
6.810497639671715397e-01
6.818352792606137136e-01
6.827317025999573019e-01
6.827406134213180877e-01
6.829141777243450395e-01
6.829653584123542842e-01
6.831223883423529486e-01
6.831486827248840488e-01
6.835044439922148829e-01
6.837093858568623617e-01
6.844833880180823948e-01
6.851387136490342256e-01
6.853159499075859307e-01
6.864268469277824414e-01
6.869565301853504113e-01
6.869777636998104509e-01
6.870696805493590187e-01
6.871294746882742333e-01
6.875476110897899007e-01
6.880486048504884655e-01
6.881399622721663389e-01
6.883185613928174407e-01
6.883390332054547534e-01
6.895850178492055615e-01
6.895871276324400112e-01
6.902561132989498693e-01
6.903260131695412305e-01
6.905132646282668984e-01
6.909648935222799659e-01
6.909742800387271844e-01
6.911707769759625197e-01
6.914052995742443475e-01
6.921694261256396974e-01
6.924434512968844491e-01
6.924834835566882063e-01
6.925685892407675848e-01
6.930612492313688033e-01
6.932482947244398286e-01
6.934251402711398837e-01
6.942205554669544920e-01
6.945177562043199915e-01
6.947549382081711355e-01
6.952005646458039312e-01
6.953151769925557391e-01
6.954225874454134093e-01
6.955879160554662155e-01
6.964332595406917958e-01
6.964745028482605127e-01
6.964994146012847276e-01
6.984552492367243071e-01
6.991966597277694540e-01
6.992102453971165144e-01
6.994849722577367590e-01
7.000111156934292200e-01
7.007020390606681914e-01
7.007081340165408623e-01
7.008999070521270136e-01
7.012337366531332661e-01
7.013031680638278642e-01
7.013379362190063082e-01
7.015099539986637822e-01
7.015766926158886196e-01
7.019297008517230152e-01
7.019383531251963682e-01
7.021627273368666877e-01
7.022745542436004129e-01
7.025936404673230884e-01
7.027069859639357707e-01
7.028178671944393940e-01
7.031061992325244869e-01
7.032076233283502953e-01
7.032897737562013862e-01
7.033139341667055122e-01
7.033940556398933230e-01
7.039775229932958567e-01
7.040361021940989561e-01
7.043165297594440322e-01
7.046087870410440157e-01
7.049471259322641625e-01
7.050376467394688929e-01
7.051721118476838024e-01
7.055506073184303339e-01
7.059989480877358892e-01
7.063207552861210381e-01
7.063500022897963859e-01
7.070570834150958772e-01
7.071820468846969909e-01
7.073724653328470335e-01
7.076232487431662888e-01
7.079502011042770881e-01
7.083682858493492995e-01
7.091692059156922134e-01
7.093952957017523042e-01
7.094701006428143497e-01
7.096386608965887799e-01
7.104559260731004855e-01
7.108560931379661607e-01
7.109005680863490495e-01
7.109488596413651162e-01
7.109524315319968313e-01
7.114783868198755190e-01
7.118704278425521670e-01
7.122265939239139643e-01
7.122388371534520424e-01
7.123419237823394035e-01
7.124092920649131022e-01
7.125678946191129626e-01
7.125748253591440706e-01
7.125843763429219324e-01
7.126310670246194245e-01
7.128775120048185254e-01
7.129809584315085491e-01
7.133005812376632671e-01
7.133031840338790452e-01
7.137043189786019814e-01
7.137332184861882034e-01
7.138143998115490385e-01
7.140308172710869705e-01
7.141345611661364945e-01
7.149740968672015917e-01
7.150081986128182798e-01
7.152197291755779673e-01
7.154158011735818334e-01
7.158679420509399538e-01
7.159837324567908112e-01
7.159844821448393404e-01
7.162980819489077611e-01
7.163563525194689419e-01
7.167712351172126350e-01
7.169569053283009197e-01
7.173057268867691905e-01
7.177507147328625603e-01
7.178111573827443692e-01
7.180680978851530227e-01
7.185178855727211156e-01
7.188605493180912909e-01
7.190737701928902048e-01
7.191771615196864698e-01
7.191959090205765071e-01
7.196276899740038369e-01
7.205124471279161780e-01
7.205271567130262511e-01
7.206904383322403351e-01
7.207955194234111351e-01
7.210652441206328866e-01
7.211114755133245513e-01
7.214958214205524634e-01
7.222915803898970477e-01
7.227307013018957615e-01
7.228844723298765151e-01
7.229916521315318256e-01
7.234065943909977481e-01
7.237321054314255209e-01
7.241348466844930165e-01
7.244321709819634414e-01
7.245326203938569076e-01
7.249891322642836311e-01
7.251713072762374646e-01
7.256330941525448441e-01
7.258717835246701888e-01
7.261833146287677287e-01
7.267272388075999290e-01
7.271587911046983876e-01
7.271937706053499539e-01
7.275121677633235029e-01
7.277798842160198012e-01
7.279669640903488892e-01
7.281990180935277168e-01
7.285882563125815059e-01
7.290364875887920260e-01
7.291607305444068876e-01
7.291637569790933027e-01
7.296499869299655217e-01
7.301095199203847530e-01
7.308875114643476056e-01
7.313563754095224745e-01
7.318467376327749685e-01
7.323024198859027223e-01
7.324996301865607240e-01
7.330048151322432481e-01
7.332967204796374538e-01
7.334271105445571148e-01
7.339974833147916433e-01
7.340484668290125914e-01
7.341308780380881860e-01
7.344495494126053181e-01
7.349557465083347285e-01
7.349978212835536207e-01
7.355177697201464859e-01
7.356175057093374825e-01
7.360385053793000454e-01
7.360484313523446565e-01
7.362137292305801495e-01
7.364118329556076370e-01
7.365805901684108203e-01
7.371854556862258434e-01
7.373958740314199289e-01
7.377335302974427078e-01
7.380458789927297758e-01
7.381614751654086426e-01
7.384480906365483710e-01
7.390858848443007112e-01
7.393115842818595018e-01
7.395245342292097179e-01
7.396977080371152091e-01
7.397648000778855870e-01
7.398381034758436670e-01
7.399312678638312324e-01
7.400712434470751999e-01
7.400978166100997679e-01
7.402298964556826011e-01
7.403397011497105940e-01
7.409304137037397986e-01
7.411274220633869980e-01
7.411813719418153257e-01
7.413306724335790854e-01
7.414893300833372836e-01
7.421043231727326717e-01
7.423240423568724378e-01
7.423691042999663869e-01
7.424384620105988208e-01
7.427401575374157350e-01
7.428416982594017171e-01
7.431871274582484421e-01
7.433959228911799499e-01
7.435297373839565571e-01
7.435668878192623898e-01
7.441551922116685924e-01
7.442803861211648719e-01
7.443318638408928933e-01
7.443468330526740173e-01
7.445310439275375503e-01
7.448988805700502702e-01
7.452279699494419596e-01
7.457078743206253524e-01
7.459501802330418263e-01
7.459582170173582050e-01
7.460028070868875982e-01
7.466888191199470004e-01
7.469636236891733505e-01
7.471196412840761525e-01
7.471519703905015186e-01
7.472206702273409551e-01
7.473061725225118579e-01
7.473860730364162430e-01
7.474817397086712667e-01
7.477945382751249870e-01
7.479551851751036207e-01
7.479957134549590769e-01
7.480259085695877275e-01
7.482077612108548603e-01
7.483938462607582220e-01
7.485430313144908476e-01
7.486467486831482887e-01
7.487959360174061274e-01
7.492910426937027246e-01
7.498632470472150757e-01
7.501265342854710472e-01
7.502550227301555408e-01
7.507093776990626521e-01
7.508573186748539463e-01
7.510171188401765230e-01
7.510912329018667455e-01
7.514834611154291855e-01
7.517093200055997571e-01
7.517717725290655739e-01
7.520208609927839793e-01
7.528277934162641571e-01
7.530972223394603038e-01
7.532782689019930089e-01
7.537801352511016573e-01
7.538177759556192736e-01
7.541120437101160867e-01
7.548124264981725950e-01
7.554365628503306729e-01
7.559148337486862879e-01
7.560701518948584887e-01
7.563712494048744350e-01
7.564067492886352717e-01
7.568078935106345995e-01
7.568485156932804880e-01
7.577564869307369388e-01
7.579537212977713878e-01
7.580508678010157153e-01
7.581130145384444852e-01
7.584098621632007209e-01
7.590540869878550367e-01
7.591923056847786899e-01
7.592470664205636099e-01
7.592659997806742167e-01
7.604257716842300896e-01
7.605859607526338495e-01
7.608861779772674305e-01
7.610231805728364662e-01
7.610537454674278779e-01
7.610723339561693557e-01
7.614628290378440134e-01
7.615547114463130374e-01
7.615729867135461184e-01
7.618106999040286098e-01
7.621866860085001472e-01
7.622685983425770972e-01
7.623576883167610951e-01
7.626960235504554042e-01
7.633748639989685891e-01
7.635045358669116933e-01
7.637889296543645123e-01
7.638752399019604900e-01
7.642424656436423991e-01
7.642440258866529668e-01
7.646728697624907145e-01
7.647120183759231749e-01
7.648389346400902289e-01
7.648675081683122823e-01
7.658251626569454462e-01
7.660705644651575330e-01
7.667708950623459696e-01
7.669616636183949065e-01
7.670028963963372304e-01
7.670207176851868702e-01
7.671078719088428866e-01
7.672649916536914416e-01
7.683822053642425098e-01
7.684623974109323630e-01
7.684783674388998564e-01
7.685940398359689674e-01
7.688392400410560823e-01
7.689863432012232769e-01
7.691718565276456365e-01
7.695759920196241222e-01
7.695995024497781500e-01
7.699415138128357095e-01
7.701008170190017932e-01
7.703315749267627410e-01
7.703851532101519961e-01
7.706613495965373151e-01
7.709598656898254410e-01
7.713487569281123335e-01
7.713582508478808997e-01
7.715276689144408007e-01
7.724497544603869947e-01
7.728279026753843706e-01
7.730007541499108736e-01
7.730394807757465792e-01
7.734184616242909538e-01
7.734682954960249157e-01
7.741645991616233902e-01
7.742008877338356632e-01
7.746451841842265651e-01
7.749748892616342699e-01
7.752012960307967937e-01
7.752466952938158462e-01
7.755783511494903637e-01
7.756762380131527745e-01
7.758769248297132659e-01
7.759321391797852074e-01
7.768733058553216608e-01
7.770618806015323621e-01
7.775006066267828864e-01
7.778720109243262293e-01
7.781455565466266489e-01
7.781798633629735118e-01
7.786493513703423019e-01
7.786561890166332489e-01
7.786699272445936071e-01
7.789795320742541884e-01
7.791686371247585896e-01
7.791803733782085573e-01
7.796037682178225126e-01
7.798572909296470623e-01
7.799912156226113114e-01
7.804817397360570563e-01
7.805584471381938894e-01
7.810015114889883314e-01
7.815795636081431796e-01
7.816020113584464246e-01
7.817931991128256319e-01
7.820534767080909999e-01
7.821797932467335901e-01
7.821879576709319659e-01
7.822080802703710312e-01
7.824657171171957026e-01
7.825193691445871957e-01
7.826305243255988753e-01
7.831318899447174964e-01
7.832790978777780522e-01
7.834772806952544633e-01
7.835465168873709807e-01
7.835778714478227602e-01
7.836185658748071603e-01
7.837380272600416031e-01
7.839906491801440502e-01
7.847316753268668288e-01
7.847456161478982839e-01
7.847950242485699501e-01
7.850871241805144063e-01
7.851803576735764123e-01
7.853030341780015133e-01
7.855776103198256477e-01
7.860112381320365493e-01
7.869088237766317384e-01
7.873727882712679982e-01
7.875032680273755803e-01
7.875305880255927260e-01
7.878843848230507874e-01
7.879861672768995184e-01
7.884511774274909346e-01
7.888281555900156228e-01
7.895121245118155162e-01
7.895530146656296600e-01
7.905476470337321482e-01
7.906494366823892950e-01
7.907624251058010811e-01
7.911487595340318535e-01
7.911693643646626750e-01
7.918064210086087629e-01
7.918544208567336318e-01
7.918564395288000268e-01
7.919189330382288006e-01
7.920599744431102707e-01
7.925507839079096728e-01
7.926287811282322071e-01
7.927420292775610999e-01
7.930519429907152418e-01
7.930922217299326560e-01
7.931141185915281389e-01
7.931310838330601909e-01
7.934792068397795717e-01
7.935412361119542624e-01
7.935830901570590790e-01
7.938287547120557175e-01
7.943441046810628681e-01
7.944247369711766593e-01
7.953142542439062268e-01
7.953143562892310836e-01
7.958830777478851370e-01
7.960839836249926638e-01
7.961727588859657256e-01
7.977089866595421519e-01
7.977947019337857659e-01
7.982503922479549097e-01
7.989489377090778222e-01
7.993873167626642795e-01
7.995393033071499511e-01
7.995699037609483861e-01
7.995841615152964321e-01
7.996951994962842036e-01
1.053338873263695685e+00
1.107474773215872066e+00
1.110642317996461736e+00
1.017980351501745595e+00
8.815340612636172191e-01
1.156933898568529795e+00
1.090078005015878482e+00
8.650560757660969990e-01
9.697746555894837250e-01
9.279203554277180022e-01
8.352248600958344094e-01
8.601624331814016200e-01
9.516428052935022031e-01
9.678970397140099768e-01
1.089919489556071541e+00
1.046841320095727834e+00
8.417811303300105630e-01
8.689853503576319138e-01
1.053295732744276458e+00
8.007837369604761113e-01
1.095365133125731028e+00
9.375416395568781924e-01
1.082413521875308593e+00
8.240865645509841686e-01
8.837827059970309040e-01
9.431446867821453584e-01
9.103770680545634209e-01
8.312919188193886866e-01
1.173724292132048319e+00
1.042442813008245261e+00
1.119337324367746689e+00
8.568144922762070959e-01
1.004185792621947737e+00
1.042657534141218756e+00
8.088068058425132989e-01
8.465588911191167520e-01
1.155176568229823619e+00
1.063850820870841263e+00
9.460761635675880576e-01
8.361319876060865353e-01
9.363880305189149489e-01
9.154508468923509001e-01
9.049950649831850491e-01
1.044656336135742380e+00
9.899285860108097967e-01
1.186629795789624353e+00
1.173843883642709418e+00
1.155654973793125873e+00
8.314827513246252355e-01
8.493776616843238259e-01
1.176513258538081086e+00
1.095020061002380807e+00
9.796571516261277646e-01
9.573439775958118014e-01
1.199330259666013809e+00
9.109145080703289210e-01
1.094143820037775328e+00
1.002385035936133484e+00
8.300303107679221082e-01
8.663159026036761912e-01
1.063646153808744055e+00
1.107001494371922856e+00
1.022143552520011323e+00
9.092281824732977302e-01
9.502588435280060475e-01
1.136053851946124960e+00
1.183806769417981242e+00
8.718306867632340529e-01
9.686705254335871151e-01
1.119475599645335828e+00
1.107976905617131802e+00
1.124394125249914111e+00
1.105185426302567109e+00
1.013132888796997033e+00
1.097456047298022153e+00
1.149050622259710552e+00
1.019824570921558538e+00
8.231455003399099635e-01
1.054632765819175866e+00
1.026201634513381977e+00
1.031420715517090470e+00
1.194037143592944883e+00
1.000911483437672000e+00
8.855022421514042730e-01
1.083554669629450240e+00
8.398861097303392809e-01
1.158487192802026833e+00
1.186354605638469062e+00
1.164902095088335754e+00
9.063142734891989072e-01
9.971409598257892082e-01
1.061135096125759292e+00
1.060772371684463700e+00
1.114564859755380111e+00
8.959020681059577385e-01
1.148705984250809387e+00
8.749228861181876926e-01
8.186659750124423152e-01
1.020253006631471893e+00
1.171849286799752754e+00
1.135098627169192076e+00
1.034522903882110878e+00
8.714620715559118214e-01
8.065562590311649016e-01
1.174384653840796933e+00
1.009408137397292293e+00
8.712442348015094762e-01
8.634126294205952679e-01
8.165999210023900945e-01
1.177971897642852817e+00
8.350913441282067362e-01
1.069376467615152704e+00
8.854006091852912874e-01
1.029834263816781004e+00
8.041429354706784993e-01
1.152968242291562806e+00
1.089814124954437968e+00
1.066180034110556063e+00
1.056064931427020293e+00
9.079964220690395216e-01
9.506375857651739869e-01
8.166234791726807440e-01
9.477508498062280351e-01
1.119402837189165334e+00
8.983320102145434527e-01
9.070067166238544587e-01
1.103060120495042096e+00
8.785425712082775007e-01
1.176648648744136327e+00
1.175769591910932110e+00
1.008788735904606382e+00
1.136635229733298447e+00
1.163771585439605794e+00
1.108484843485236349e+00
1.020071379483682650e+00
9.781873797219621247e-01
9.884513908513037350e-01
8.361119942358404833e-01
1.059529971767624312e+00
1.094140156185507751e+00
9.404784067306193318e-01
1.112958808404189259e+00
1.015175748885003726e+00
1.099320015260655037e+00
1.070477008397994645e+00
1.060199732740793932e+00
9.749044452945391237e-01
9.261742933836043523e-01
8.815639490896876040e-01
1.105255010873388732e+00
1.175084199235182592e+00
1.052636638235349809e+00
1.184544966472162120e+00
1.161715953456778028e+00
1.094201476476909018e+00
9.895219932915623184e-01
1.149877071791460370e+00
9.821039063394010338e-01
1.115713595407134662e+00
1.129507538288558877e+00
1.090006888517507821e+00
8.480498144502904845e-01
8.720870791869447247e-01
9.460183986571206738e-01
1.183882760362506392e+00
1.175779910827574382e+00
8.795574119530339408e-01
1.147344523681049333e+00
1.172989477795295166e+00
1.174102911642858293e+00
1.014401233448003481e+00
8.929449733295814484e-01
1.013621176555574044e+00
1.116470007610930626e+00
8.337126100875587031e-01
1.153895154666658041e+00
1.031246037377160807e+00
1.092673215392950814e+00
9.770479611691321731e-01
1.069262626943879191e+00
1.138655057096748635e+00
9.507679483589566161e-01
1.144428444150826341e+00
1.101619150673116554e+00
1.055554803578008682e+00
1.040733285468294467e+00
8.347812864149533052e-01
1.034405770299801741e+00
1.128970883212617071e+00
1.127417151650890625e+00
9.161181040213387528e-01
1.149134779111147919e+00
9.986999858771543614e-01
8.525157897194119982e-01
1.003884659268188262e+00
1.137424884397325586e+00
9.103481165163482824e-01
9.723974514692436122e-01
9.684262312476660250e-01
1.158757695323556769e+00
1.063141417248004927e+00
8.360684411154963858e-01
8.052002730163797528e-01
1.196909798752548992e+00
8.808874198668631417e-01
1.172398949018241376e+00
9.006604667071058667e-01
9.925779790014195303e-01
1.026381677707434381e+00
9.608918957906414926e-01
1.068123269489380522e+00
9.017586911470183431e-01
9.422627554521761928e-01
1.025481364344377422e+00
1.145902833806144550e+00
1.190789289485498115e+00
9.766990126612554723e-01
9.849420948140228393e-01
1.137261295324290211e+00
1.065049910618052209e+00
8.856039792819491163e-01
1.033252538940613530e+00
8.471485232361285478e-01
8.840009665012508178e-01
8.094155922723109686e-01
1.013358802173114581e+00
1.114049441659265671e+00
8.991532334663911996e-01
8.883367247189826177e-01
8.905574542611998101e-01
1.187980477232178922e+00
8.532433909077588030e-01
9.142683778348016377e-01
9.162417237645112955e-01
9.524597840888920919e-01
1.126249107698945373e+00
1.049325093646721108e+00
8.749951107109241732e-01
1.189038875016437569e+00
8.694200220866253881e-01
1.008132382243930758e+00
1.082058155608544237e+00
9.490646206220789693e-01
9.173379099417422466e-01
1.008832518897626374e+00
1.030789615570928630e+00
9.078770268304363622e-01
9.712975172012944247e-01
1.057953849364167809e+00
8.326308052550661642e-01
9.196910506518938266e-01
9.172691273119740751e-01
1.056825901510813015e+00
8.083987017577084488e-01
9.905018417375470730e-01
1.049870926406583749e+00
1.029233813850015666e+00
8.213581188515342024e-01
8.195522956283197713e-01
1.058490680149313468e+00
1.045857809002493921e+00
8.263567122016024502e-01
1.199446813250451882e+00
1.092233822416466715e+00
1.106455724835742060e+00
1.152191273898583335e+00
8.341484913093650810e-01
1.061950781115181153e+00
8.884301850065100536e-01
9.977711443546111170e-01
9.642943050885302014e-01
