3.672246424034610046e-02
6.482646147268247838e-02
6.568454992822969629e-02
8.149447408499371770e-02
8.739150284133818947e-02
8.819900837681288186e-02
9.174825410144585303e-02
9.318410994310472040e-02
9.934030324860901318e-02
1.002363878391278051e-01
1.028893463317864937e-01
1.051475439976869569e-01
1.070848029928580247e-01
1.110725523191386788e-01
1.125559324712035875e-01
1.198154365898849716e-01
1.215008314541670270e-01
1.218343615214457221e-01
1.281340543518185993e-01
1.291749401231570837e-01
1.336920968962593270e-01
1.441325952347186357e-01
1.518728574983236601e-01
1.529420836325365296e-01
1.557071011935815819e-01
1.562673726248706707e-01
1.611314741420278029e-01
1.612441871492154288e-01
1.636931147939098552e-01
1.650737088077347259e-01
1.665989021780756030e-01
1.668462735085131654e-01
1.678668230774693626e-01
1.678977292303193425e-01
1.681286902432685415e-01
1.692340599634187814e-01
1.703013811373949304e-01
1.716533662975466834e-01
1.730081838669870753e-01
1.743962957477883380e-01
1.744831272813839318e-01
1.774493348316868169e-01
1.787154141745496971e-01
1.787634549684278817e-01
1.787932442532530197e-01
1.792504873443704905e-01
1.801182500489021399e-01
1.803025658612517623e-01
1.827931708402692756e-01
1.830127493924372517e-01
1.859766351693838415e-01
1.889795575300591279e-01
1.897364485360142905e-01
1.908595015388019345e-01
1.909266838664202548e-01
1.911482657625923065e-01
1.921257902185679323e-01
1.923577360649230961e-01
1.944763431838927858e-01
1.944800614769968961e-01
1.954221886326443225e-01
1.963657017165189034e-01
1.979886713172235302e-01
1.984608865453932058e-01
2.054190946129357820e-01
2.065445924637204778e-01
2.077069307090756989e-01
2.091745346688223817e-01
2.094512786052866449e-01
2.095773796705791836e-01
2.097934798600447626e-01
2.099385664602135548e-01
2.117589744779078409e-01
2.166007630397184802e-01
2.167568914104088529e-01
2.180743859361504722e-01
2.185261926594082305e-01
2.196614535133132873e-01
2.206086757620120131e-01
2.213387377555151303e-01
2.217045133591058481e-01
2.260281141775742353e-01
2.287815193545273962e-01
2.289665728819453017e-01
2.310449833426762023e-01
2.310984906057978461e-01
2.313468157804819680e-01
2.314587689818006777e-01
2.319030099576102066e-01
2.319183212382691650e-01
2.332020113484842561e-01
2.339169384181952194e-01
2.370233673724796430e-01
2.370326921597130099e-01
2.392912334362975457e-01
2.400117780292340408e-01
2.401116014565947698e-01
2.402369373226742044e-01
2.408349825200433725e-01
2.412197313984421054e-01
2.420849867894003249e-01
2.427839902387159965e-01
2.429006822817431077e-01
2.435711739184844571e-01
2.438868689422940550e-01
2.440484171806109326e-01
2.466728016981757088e-01
2.483204618974284850e-01
2.489503734032935955e-01
2.492625503621191119e-01
2.495160344124273122e-01
2.507372239534810809e-01
2.527225810198300282e-01
2.527894406372371283e-01
2.532739234495084979e-01
2.533393657612236227e-01
2.546600161540508167e-01
2.547922319306060168e-01
2.552802709481681864e-01
2.556359347471162669e-01
2.561093893108821740e-01
2.562092180634327754e-01
2.571975660920713391e-01
2.580725653200975356e-01
2.603000659887344526e-01
2.614415618328269075e-01
2.630479705108850763e-01
2.639194152228090395e-01
2.654846407209908721e-01
2.656105168152749774e-01
2.677719556931017486e-01
2.699229434383659809e-01
2.704569183040493319e-01
2.707319455682145604e-01
2.732893970244552051e-01
2.738157828437594588e-01
2.744235495588280282e-01
2.751474492703929187e-01
2.764507085336516679e-01
2.766773751990403429e-01
2.769639103021130921e-01
2.797798522347911820e-01
2.798051825283771610e-01
2.807282842222446062e-01
2.810306795736242091e-01
2.829725238314159119e-01
2.830912159513498949e-01
2.835661450340938861e-01
2.842899568830697388e-01
2.849398393803633245e-01
2.875538887069358229e-01
2.886030144924967566e-01
2.887066235146770743e-01
2.895406306907872263e-01
2.901083603105815700e-01
2.910994946089670021e-01
2.914023087725973182e-01
2.917924476772560949e-01
2.924891997049473558e-01
2.927892126804961248e-01
2.932709359282817396e-01
2.934622680409885720e-01
2.934984565472771867e-01
2.935538282758735074e-01
2.938073363268824956e-01
2.939291798259642263e-01
2.948903860841788349e-01
2.952245219759170869e-01
2.963177275762136631e-01
2.971779903652330135e-01
2.975961088892073447e-01
2.981765207864854883e-01
2.989123894296654149e-01
3.000555697105569131e-01
3.000804954910440969e-01
3.008376758922799987e-01
3.051539381024253594e-01
3.060239543533719853e-01
3.066349702014012357e-01
3.068822753950933291e-01
3.084956207926309313e-01
3.098027443853237362e-01
3.117599727670954390e-01
3.119695615191743210e-01
3.125023064473010925e-01
3.126656823310463018e-01
3.133929054089126809e-01
3.136891629294773498e-01
3.137532832395672489e-01
3.202936901052232943e-01
3.222005403062443429e-01
3.225439175767819688e-01
3.225542899804166863e-01
3.229669873866513607e-01
3.238479187364055045e-01
3.242028958689812668e-01
3.244929610643290108e-01
3.247880344637272820e-01
3.258946228428815095e-01
3.261601340684853190e-01
3.267343643050655833e-01
3.272903059142533433e-01
3.277375572039884499e-01
3.277653553642960182e-01
3.278932360431428550e-01
3.280607325809570263e-01
3.292796791142481583e-01
3.294178540684180034e-01
3.297093258877082933e-01
3.300416023591464798e-01
3.302962793806979436e-01
3.303415490392186404e-01
3.312563422145515801e-01
3.321328112586670045e-01
3.322843314992220409e-01
3.332692743120180268e-01
3.344789860401131132e-01
3.345595981933785490e-01
3.346053858525033231e-01
3.347236464749586138e-01
3.349901673026885462e-01
3.363431565344653373e-01
3.365158866470605581e-01
3.371649768720854645e-01
3.372219196408118846e-01
3.374631488836498105e-01
3.393114385324163540e-01
3.393393419813124923e-01
3.402011983794941408e-01
3.404482341808579005e-01
3.405190072143598479e-01
3.434480753209698256e-01
3.435803116666468204e-01
3.440373655235511863e-01
3.451373547250533025e-01
3.452435258245058480e-01
3.459173256385844053e-01
3.461681891754704310e-01
3.468062937780082011e-01
3.475317053542126833e-01
3.483307962615601605e-01
3.486041311732244186e-01
3.497958161949965006e-01
3.507740989348256400e-01
3.510733479609512431e-01
3.512434712067855624e-01
3.512540044684545615e-01
3.528215069281626648e-01
3.529043766253866510e-01
3.529081689822109458e-01
3.552629837684816438e-01
3.558101600361062711e-01
3.560841556932823893e-01
3.566655940990273166e-01
3.567462783807010540e-01
3.568755597602464302e-01
3.574291472545929604e-01
3.576298837177127599e-01
3.580887489668007628e-01
3.583900203588209488e-01
3.597056051927809972e-01
3.599225436105865095e-01
3.601112884517166934e-01
3.603461640460113302e-01
3.607352072389369835e-01
3.616632872103882623e-01
3.619214143555801177e-01
3.619291696289378413e-01
3.619777203626239892e-01
3.619853203264754016e-01
3.625776383406700831e-01
3.629174252181393001e-01
3.630584043057802912e-01
3.633004663276393487e-01
3.635421222320190382e-01
3.642002406728186426e-01
3.642777943462414125e-01
3.642834369583597409e-01
3.648622319178396189e-01
3.650410766824642161e-01
3.661671068653084005e-01
3.662254719169270589e-01
3.668066579308358888e-01
3.670334827660263199e-01
3.671991372340788207e-01
3.680483078714777978e-01
3.697597650321052254e-01
3.704694869373148514e-01
3.705098138465452440e-01
3.709580194606089676e-01
3.709638381451228484e-01
3.716694408167376951e-01
3.719777353242437190e-01
3.724088410784416325e-01
3.733167835066778517e-01
3.742717944480927761e-01
3.743702883944840520e-01
3.744798449797819284e-01
3.750907292745765398e-01
3.764997876633417451e-01
3.776432252578624804e-01
3.792201274695313762e-01
3.793129201686559204e-01
3.794336626690376635e-01
3.798572205283771708e-01
3.798702864617702346e-01
3.801026570555667838e-01
3.802928375620098222e-01
3.810033373623933350e-01
3.834539231321154595e-01
3.834869004932596193e-01
3.840964283891902253e-01
3.855047284165376009e-01
3.867986291020706346e-01
3.880432756789312654e-01
3.888055901935876246e-01
3.888780466117081058e-01
3.891733258912297710e-01
3.898212463027354024e-01
3.909582705361983601e-01
3.910051970121256604e-01
3.910160507188870649e-01
3.910324135142680957e-01
3.911688459523669503e-01
3.914075932071181541e-01
3.923222710041088246e-01
3.932844094438557869e-01
3.933896015977961791e-01
3.935146518269749816e-01
3.936536609266020892e-01
3.939935577787213594e-01
3.942650512799600326e-01
3.944220908618384924e-01
3.946746696844067315e-01
3.957493696799286864e-01
3.962003294173501167e-01
3.968770121166385056e-01
3.970387146592162519e-01
3.979178322556351510e-01
3.980674346485755244e-01
3.986832020609727412e-01
3.992305552212694897e-01
4.003727614085737518e-01
4.008587090442575773e-01
4.009521781115610306e-01
4.009534702523893657e-01
4.011226262878693216e-01
4.012045271958469828e-01
4.015619814591547265e-01
4.016800569433757184e-01
4.017034627761010834e-01
4.019853172463312974e-01
4.033290838056755034e-01
4.036379739087551100e-01
4.042532678254982526e-01
4.047408282522312328e-01
4.048368570587780324e-01
4.049667981963549490e-01
4.063431276854094776e-01
4.070802878480215825e-01
4.073227841324896792e-01
4.079175810927123669e-01
4.079738982221041699e-01
4.092569534828522371e-01
4.097404926269133107e-01
4.102343978010520309e-01
4.108202488489368642e-01
4.108581871740423219e-01
4.108696563226056364e-01
4.114489129701320302e-01
4.115482935618013371e-01
4.116925711855760062e-01
4.117930621180468931e-01
4.119713076675375341e-01
4.124208501507712343e-01
4.139603984845293128e-01
4.147275301573918327e-01
4.152289000294863142e-01
4.155034902437693134e-01
4.167195302971323789e-01
4.170514108561215183e-01
4.175088124496655340e-01
4.179339394866165014e-01
4.181671687139348892e-01
4.185520872475696486e-01
4.187476572105083283e-01
4.195911471185561625e-01
4.199484048796791047e-01
4.210173449881475793e-01
4.213226603575683793e-01
4.216712914371251730e-01
4.225890858547393658e-01
4.233068413497835802e-01
4.244246811637878425e-01
4.247953831279718262e-01
4.249188924098253883e-01
4.249661254025157153e-01
4.253067624246815170e-01
4.255698695627801453e-01
4.256353035501350135e-01
4.259480063221189883e-01
4.262673463746282088e-01
4.263077475954564211e-01
4.278729611517593789e-01
4.279037650159629447e-01
4.290682377853642371e-01
4.299400614092486750e-01
4.302334015535881351e-01
4.314558716717193931e-01
4.315514874309359095e-01
4.317736305402988251e-01
4.320606949615103942e-01
4.323128638833921844e-01
4.323369693565995986e-01
4.332253445679325465e-01
4.332399613752659362e-01
4.332551619439871660e-01
4.338714219774262304e-01
4.342774829793660807e-01
4.346898401644248011e-01
4.359768274229017804e-01
4.359979638974439409e-01
4.365060023664171229e-01
4.366673081292961056e-01
4.377546664862940751e-01
4.377725375388142326e-01
4.381158183751702184e-01
4.384142844361517688e-01
4.389510666262217975e-01
4.392554950844311801e-01
4.393322009092015534e-01
4.395856208070317295e-01
4.398279905974887272e-01
4.399155495950242134e-01
4.404967585603561386e-01
4.410487401623172099e-01
4.417449270762454638e-01
4.417498588040539298e-01
4.419783787885722681e-01
4.422755031903618517e-01
4.430121265021541577e-01
4.430278248127650920e-01
4.437818752324586558e-01
4.438167175963304567e-01
4.439944792278310848e-01
4.446694047040445907e-01
4.448811383374338124e-01
4.452974593891397825e-01
4.455243809012477962e-01
4.456207205049477205e-01
4.460170396063931619e-01
4.463208231758792333e-01
4.465508123264405604e-01
4.472837580782987876e-01
4.473561742910006633e-01
4.486607907203253309e-01
4.487457552108251035e-01
4.490559629451973400e-01
4.495576856263278631e-01
4.498236889460592303e-01
4.501721953344046678e-01
4.513280618779915709e-01
4.515688055222031316e-01
4.519159713530522260e-01
4.536281509664636946e-01
4.537558331000555167e-01
4.539440284255829572e-01
4.567451231717810090e-01
4.567548972567907484e-01
4.570080835590610291e-01
4.572064396620189597e-01
4.576683157964647197e-01
4.580478766949558911e-01
4.583964866647898262e-01
4.584032213932064947e-01
4.587783038167060345e-01
4.592568861168653260e-01
4.595485674544305676e-01
4.600269118469842988e-01
4.603198808989514279e-01
4.612563951996190292e-01
4.613888721178395214e-01
4.619005921114117674e-01
4.619823682636154949e-01
4.621545097668477431e-01
4.627088258082612260e-01
4.634440873085460266e-01
4.638038018041135135e-01
4.643149468058631046e-01
4.644569639229529923e-01
4.645781235796013209e-01
4.650842129141428138e-01
4.652305374010139438e-01
4.658064421514266917e-01
4.658242578247834276e-01
4.658273751625040537e-01
4.663961907796751460e-01
4.666608623166293435e-01
4.669225113597638699e-01
4.675865988464148471e-01
4.679490837314846940e-01
4.687639147727612476e-01
4.694916874650371108e-01
4.703202211479129424e-01
4.712320694391105014e-01
4.735129249356651027e-01
4.740056196155693069e-01
4.743782319999905739e-01
4.747748347570348582e-01
4.747937504441945844e-01
4.750538241278163265e-01
4.758537459357256028e-01
4.759796131846722456e-01
4.765527931952195928e-01
4.766550521888984759e-01
4.767073645950652971e-01
4.769391849579975862e-01
4.772650365825353291e-01
4.773987191629376903e-01
4.774880674575583961e-01
4.786624416454725583e-01
4.786855462320176446e-01
4.787419060550133221e-01
4.788974445081081721e-01
4.799113503368243050e-01
4.801598452450451804e-01
4.805451433460553590e-01
4.812623692815563015e-01
4.817171169817237586e-01
4.822869563858204756e-01
4.823601454628098084e-01
4.825237955466640805e-01
4.826636119152768467e-01
4.828802933914495554e-01
4.831075571606240349e-01
4.836286299083331630e-01
4.846020488063860210e-01
4.853354244147697338e-01
4.855414239160574796e-01
4.857695915808517562e-01
4.860706169037749547e-01
4.861379675671360090e-01
4.862693708283481464e-01
4.864021532802764169e-01
4.866172416040268067e-01
4.872004332568920515e-01
4.874378930317466718e-01
4.883091428417871693e-01
4.883377404072384298e-01
4.887983258832091504e-01
4.890350415422156094e-01
4.891445339889717303e-01
4.892498202304356725e-01
4.898530708311887860e-01
4.903328792449663798e-01
4.905952205381240994e-01
4.906119109030415149e-01
4.907966371414257400e-01
4.909197197176390359e-01
4.916762586868196894e-01
4.917256356271495488e-01
4.923349705877309024e-01
4.923811532518668210e-01
4.929014101138796677e-01
4.935541068283983979e-01
4.948155489099501092e-01
4.952102479803763280e-01
4.952637158725716748e-01
4.956679159441161886e-01
4.957328103022836108e-01
4.961430789005324415e-01
4.965626701575714397e-01
4.966292512221243682e-01
4.967752292152660121e-01
4.968262895284199510e-01
4.968431847358336650e-01
4.970848313078231051e-01
4.973244888829962962e-01
4.974500229706821375e-01
4.978837769205016195e-01
4.987467543735802922e-01
4.991716063735985309e-01
4.999402539221039499e-01
4.999519117479760411e-01
4.999694828640802724e-01
5.001631957267220763e-01
5.003586773399726351e-01
5.003839109622407744e-01
5.005048542870169648e-01
5.006460765583359285e-01
5.011836728689713638e-01
5.014922880831379493e-01
5.015551570080061250e-01
5.031935264949083386e-01
5.047964632615900005e-01
5.057039058907148998e-01
5.057631942659678304e-01
5.064568201167287675e-01
5.069909788895250458e-01
5.070939280475167399e-01
5.074089532821849380e-01
5.082725229195048655e-01
5.085284196792001499e-01
5.089433404343918221e-01
5.091471759884288462e-01
5.095056231377819156e-01
5.099568275339797507e-01
5.100025256369166149e-01
5.102592753144776783e-01
5.103817544579316579e-01
5.103847469722982977e-01
5.107463184760797636e-01
5.107500340872550559e-01
5.113791675458417840e-01
5.115623506895382588e-01
5.115871821652369089e-01
5.120261455768396752e-01
5.123212686667782956e-01
5.124334637017803340e-01
5.126319829598622313e-01
5.131278172678558347e-01
5.139232803895342760e-01
5.144764692098723335e-01
5.150581893220835816e-01
5.152137996229126937e-01
5.154781582752678837e-01
5.155601516259757933e-01
5.170596701625361780e-01
5.178744166593488574e-01
5.183301396357771207e-01
5.184848033064854977e-01
5.188234127038955368e-01
5.190001880625458863e-01
5.194732137718366394e-01
5.196263418380470123e-01
5.201105534624919091e-01
5.203249974765137287e-01
5.203355217596928872e-01
5.208741856321777997e-01
5.213533357416806346e-01
5.221440243584988261e-01
5.223332851160837897e-01
5.228393270310596197e-01
5.230722058833850996e-01
5.235152396772309036e-01
5.235570152282831291e-01
5.239476103021898368e-01
5.244121828810986985e-01
5.247290311199110935e-01
5.252661411787556967e-01
5.252982510317988352e-01
5.253966566071666122e-01
5.256416662973724119e-01
5.263273624709104981e-01
5.266254966917884861e-01
5.281335395081071526e-01
5.282971769395390371e-01
5.283077872365953276e-01
5.283150984088907931e-01
5.289976923249403162e-01
5.291051962455444180e-01
5.294597598884636103e-01
5.294788635605631733e-01
5.298406675179947456e-01
5.302019110414052383e-01
5.305524427594705550e-01
5.313206033817894358e-01
5.318344793572906681e-01
5.320152997288870589e-01
5.322752858022965494e-01
5.324596763261875143e-01
5.326855532556676875e-01
5.327076618988149104e-01
5.329101863635318237e-01
5.330934036172736423e-01
5.338946363388583638e-01
5.341367795523930262e-01
5.342271779502396623e-01
5.345249651454385686e-01
5.346039799216302235e-01
5.346158753307638234e-01
5.346396070929564370e-01
5.357671261314652655e-01
5.365610347883397191e-01
5.366907951820001355e-01
5.368944941511721858e-01
5.371202841651763205e-01
5.373568204072343146e-01
5.375328339761724639e-01
5.375491867155762771e-01
5.378979785251163381e-01
5.379197834328169892e-01
5.381171657394142605e-01
5.386416983530821767e-01
5.392818093649777156e-01
5.393515175640591908e-01
5.397577664771875394e-01
5.397924236000806175e-01
5.402452110618242154e-01
5.410160174950747747e-01
5.411497420514892465e-01
5.414504278882235067e-01
5.418626918539314330e-01
5.424058236765700869e-01
5.430245423889183964e-01
5.431829063000930269e-01
5.435287467392712069e-01
5.445949987150457972e-01
5.446414325182059590e-01
5.463943183194251985e-01
5.464866180639404991e-01
5.467862882116483192e-01
5.472644875855088298e-01
5.481389185757501448e-01
5.483630476749946636e-01
5.485733105430076195e-01
5.491070430573626870e-01
5.491883604576848210e-01
5.503379311010686559e-01
5.509185203388532459e-01
5.511753662566640788e-01
5.522635857374829094e-01
5.530629462896641257e-01
5.541797601638911441e-01
5.542573615885212357e-01
5.545304470369042393e-01
5.545688623364416481e-01
5.547319471834439852e-01
5.548896545963220017e-01
5.551117453833601667e-01
5.565920102083475873e-01
5.566650917137180299e-01
5.569322562063913074e-01
5.573091141341062205e-01
5.576195087690766217e-01
5.579896261945954672e-01
5.585902485421138097e-01
5.586502581489471986e-01
5.587302870497874441e-01
5.588728371860324229e-01
5.590288945300879719e-01
5.590774021895150714e-01
5.595954340572916186e-01
5.596843079046057712e-01
5.599802464853111950e-01
5.607682383183624220e-01
5.607794010366585757e-01
5.607999879917405783e-01
5.608620316771369962e-01
5.609174539385550773e-01
5.609557960014607270e-01
5.617432513296852781e-01
5.617465643326368108e-01
5.619483524245605377e-01
5.627392087190097314e-01
5.628613788407573759e-01
5.629909486561013310e-01
5.634763403379965396e-01
5.641037223288578595e-01
5.650879822029407640e-01
5.657851751164194587e-01
5.669343060349556485e-01
5.676724758969518003e-01
5.678102916004805767e-01
5.678158136889830399e-01
5.689789849705098046e-01
5.693248391295541166e-01
5.702922728082748804e-01
5.705502234093926539e-01
5.706945329715982229e-01
5.709181147065911510e-01
5.709238798405859017e-01
5.716282866711568378e-01
5.718164487541513852e-01
5.721404280142368126e-01
5.722234855636488815e-01
5.727094462280758469e-01
5.727292463587997373e-01
5.733483667003255180e-01
5.736032728239878198e-01
5.736301359443695125e-01
5.738701445527100153e-01
5.740887476019602698e-01
5.741835669807338061e-01
5.742548185362280622e-01
5.745891813836011552e-01
5.748258869688543937e-01
5.751025514934440253e-01
5.753377832711417117e-01
5.758435173417678632e-01
5.758487790016129093e-01
5.762127324727837063e-01
5.767426967140376615e-01
5.768669733596222260e-01
5.768811811276292056e-01
5.769965158425638396e-01
5.770643317495162128e-01
5.773082644801827978e-01
5.774065553574740939e-01
5.780089220633121139e-01
5.784038620943106057e-01
5.784458013075371996e-01
5.784620091828058808e-01
5.787433453449462029e-01
5.795426394759602973e-01
5.795456062493129501e-01
5.796072220904331385e-01
5.797747888859891008e-01
5.801188733496783767e-01
5.808335329068372577e-01
5.810260761014063302e-01
5.814973338579511042e-01
5.819330876431687560e-01
5.820834486673778230e-01
5.823320274402147279e-01
5.825319454345475600e-01
5.826083628449449936e-01
5.832971573613368044e-01
5.840710048300288282e-01
5.853084751596565605e-01
5.853126291376129497e-01
5.854094162558221015e-01
5.858307361086709797e-01
5.865493280875033744e-01
5.869795702701683382e-01
5.871643981907812559e-01
5.874560700023689908e-01
5.878922958237073892e-01
5.895540742814592283e-01
5.904575884926404061e-01
5.908256482703986290e-01
5.910987284920276030e-01
5.911733058643308114e-01
5.913860237418020471e-01
5.915785118724580238e-01
5.916835887900540047e-01
5.924396702916787660e-01
5.928354738686107961e-01
5.931546877279445518e-01
5.931680855192638102e-01
5.935470072756700022e-01
5.937074896111422806e-01
5.941548699525375232e-01
5.945125271310253146e-01
5.946437616220335842e-01
5.950817602571506493e-01
5.951526766190514683e-01
5.956106541529783138e-01
5.956134386890770127e-01
5.957146413344667213e-01
5.958139442566653399e-01
5.958513561782821100e-01
5.959753218824928034e-01
5.964967054557244186e-01
5.965158044962282080e-01
5.970913316399067972e-01
5.978209709568714780e-01
5.980194196652158789e-01
5.981475787832384317e-01
5.985620996960889784e-01
5.987046643689717396e-01
5.987456289884608429e-01
5.989236522932860352e-01
5.992185976045105722e-01
5.993550173250006274e-01
5.994162634244604160e-01
5.997797873313729378e-01
6.002039461614147031e-01
6.003410541546100321e-01
6.007904527325335087e-01
6.008082014101759905e-01
6.010126272832796435e-01
6.010828409342693357e-01
6.013372054317396298e-01
6.014747097159005573e-01
6.017965660804052153e-01
6.025734238920710251e-01
6.029969813992523964e-01
6.033059377701233128e-01
6.049535027901071782e-01
6.051541224245386985e-01
6.053911463301808737e-01
6.058882982660338534e-01
6.060514616570518154e-01
6.063019960336851755e-01
6.066831477016456642e-01
6.080253129839056081e-01
6.082722371274521533e-01
6.085053761269932915e-01
6.088002370994840540e-01
6.089972807704517876e-01
6.093809201070978787e-01
6.095108866355315458e-01
6.109839193048508532e-01
6.118948167984321618e-01
6.122694479517011290e-01
6.126100829485821020e-01
6.126203316231147999e-01
6.129936648838995028e-01
6.133144846395076621e-01
6.137742302197184419e-01
6.138342847786829592e-01
6.138603453703297408e-01
6.139001211154839766e-01
6.139370437403077752e-01
6.140312115706301199e-01
6.140520537629727826e-01
6.142723646956097516e-01
6.153490418920746219e-01
6.158334221206874792e-01
6.166825683839949335e-01
6.167609743892351615e-01
6.170041028622532675e-01
6.170592280991932244e-01
6.174340033804777139e-01
6.177459333691386334e-01
6.177868173745318936e-01
6.181790385124532605e-01
6.182536639853711824e-01
6.189077197000709685e-01
6.201577537820865960e-01
6.201772769193960588e-01
6.205956235109428842e-01
6.207310475098815061e-01
6.221446427438834803e-01
6.229455871375803033e-01
6.230393701167380449e-01
6.239621730584817838e-01
6.241338605728389277e-01
6.241492339894694208e-01
6.241640999537160228e-01
6.261046008847709343e-01
6.261335901724559561e-01
6.263150493983242750e-01
6.263952894754940548e-01
6.275513990241935458e-01
6.278506807747465945e-01
6.280230779797186802e-01
6.281205578640045584e-01
6.287377135185707733e-01
6.288021773085954447e-01
6.296681952585523323e-01
6.303613876980362907e-01
6.305629696141236140e-01
6.306027611940578925e-01
6.308813626229439198e-01
6.310067937428861518e-01
6.317373967032912097e-01
6.325178860551250448e-01
6.327444403694634234e-01
6.331187447984254479e-01
6.332531767293825276e-01
6.337274155609626813e-01
6.337620725474125694e-01
6.337970631535611021e-01
6.338435678906819692e-01
6.342228069566122617e-01
6.348306214308691020e-01
6.358842493849499178e-01
1.157404945923871997e+00
1.081374317117697048e+00
1.187935879090925351e+00
1.005859529787498152e+00
1.170071181018556672e+00
1.036715501309186438e+00
8.930877791050561010e-01
1.114681518150729023e+00
8.091707267973045070e-01
9.854714154159406325e-01
9.181528479061260573e-01
8.508108286921090002e-01
8.753153157020272523e-01
1.132548321429351024e+00
8.933258741262128932e-01
8.610715863434009743e-01
8.095134262518126622e-01
1.020477648977414997e+00
1.165159786842547618e+00
1.019652227354923335e+00
1.026627664869022682e+00
1.138581219445802040e+00
8.060938813964346750e-01
8.496863906876537254e-01
1.101542646243924173e+00
8.182064720087602883e-01
1.071045407213865985e+00
8.801012965757761819e-01
9.872379409802963801e-01
1.109688155214732630e+00
9.071364278366805811e-01
8.012760824524045589e-01
1.136947586495322016e+00
9.794921707101585939e-01
8.403139581016736415e-01
9.963271846426186018e-01
1.123283477755812498e+00
1.126516636866229160e+00
9.862145173827383537e-01
1.139143794875149052e+00
1.108184519654587419e+00
1.014335907276582738e+00
8.388341791662849989e-01
9.548881881164603680e-01
1.135598703514224983e+00
8.535556707254878805e-01
1.002581998503940142e+00
1.135848904366564716e+00
1.166543655553349268e+00
9.370442048898017795e-01
1.118521852143121498e+00
1.176554053228123342e+00
1.157373788011552440e+00
1.006013504031052719e+00
8.853234378624066370e-01
1.145830699017325482e+00
9.132302372447482774e-01
1.133915781524232891e+00
9.951178435016987400e-01
1.076239743895067047e+00
8.117327794598856450e-01
1.080187623966110788e+00
9.512861594063466431e-01
1.035894435856243856e+00
9.748357648655164853e-01
8.147230604458024494e-01
1.125366757889261216e+00
9.475290016845284713e-01
9.042025752102911262e-01
8.614820767167918891e-01
9.910685955554461302e-01
1.132303058038869770e+00
8.059307716609105388e-01
1.017744736486472235e+00
9.432008662228329454e-01
1.100805117861696436e+00
1.100070557418012074e+00
1.142443515709218094e+00
1.151617933883673395e+00
8.324375669893643304e-01
8.532378532946771621e-01
1.115237843443488197e+00
1.128294540592917006e+00
1.117310246982347266e+00
8.332030179295690786e-01
1.042529196759483856e+00
9.402341477803711767e-01
1.061560937205907607e+00
1.183406087959199438e+00
8.993966383310761925e-01
1.043908064898896537e+00
9.267261565260636047e-01
1.042166592051407159e+00
8.483755023862270539e-01
9.160632382378822713e-01
1.083191218257390176e+00
1.056630377722117542e+00
8.683402061141709538e-01
1.070732306225508967e+00
8.443567335467840884e-01
9.334039259785210652e-01
1.166887196300651075e+00
8.419585675885159493e-01
1.166332689564563596e+00
1.135849790605476528e+00
9.371994742296826386e-01
1.180823358031547476e+00
1.083298554555294890e+00
1.007980749106321960e+00
8.647567984816008080e-01
8.938049661611426888e-01
1.098813480775258755e+00
8.335565789103003276e-01
9.958132800658940909e-01
1.153617614155387550e+00
8.201645578619896071e-01
1.169023176903964512e+00
1.000885638737033956e+00
1.067053932603137634e+00
1.199331776654485981e+00
8.550110880781959244e-01
1.017595407277835484e+00
8.465759717828347242e-01
1.133643906854099548e+00
9.358106004842556835e-01
9.712002626410559669e-01
1.093481877001979186e+00
8.413187126604381172e-01
8.558684964093051795e-01
9.786170147211574744e-01
9.311257174368416933e-01
1.044014925621962853e+00
9.687505197177038729e-01
8.691173373284148962e-01
9.878616695928358338e-01
9.515015849582493246e-01
8.557963919612077142e-01
1.059765491374148549e+00
8.792675654382917649e-01
1.194005696548630535e+00
1.024159647044504684e+00
1.095733931964108177e+00
8.741289951473038000e-01
1.063096175186871939e+00
9.785109293000744390e-01
9.532603760778226576e-01
9.618159753459238903e-01
1.161984206753866822e+00
1.103048448842363749e+00
9.546694593035988108e-01
1.160886578303551353e+00
1.194666709529519588e+00
1.048639149693514572e+00
1.198961448916569861e+00
1.095602739085072663e+00
9.408302579899219253e-01
1.018121880447812266e+00
1.185891850019104465e+00
9.730861107465857973e-01
1.153092750451102155e+00
1.176997037566572146e+00
9.691002474580453496e-01
8.521760027840213914e-01
1.054417414557707655e+00
9.461047653293535031e-01
9.277933598369337842e-01
9.142240509951577998e-01
9.789229296187011986e-01
9.170582268776096280e-01
1.179828249647905558e+00
1.043007584551361777e+00
1.156735614146926494e+00
9.313394269553108007e-01
9.002239006337882099e-01
8.469503898813512954e-01
1.028665484162876620e+00
1.010575906973136817e+00
8.913710001413098771e-01
1.003847225404323140e+00
9.423699627746934260e-01
8.664275929306251012e-01
1.190277577306284806e+00
9.168687131846398053e-01
8.901356767211711096e-01
1.157562024720105276e+00
9.566496718893129358e-01
1.105189598647020599e+00
9.955872888617905980e-01
9.477348134145323622e-01
9.482050457255661868e-01
9.177264042340520511e-01
1.171709990118889877e+00
9.080020622202464864e-01
1.007990303524612052e+00
1.075381728016675531e+00
8.510246833607393313e-01
1.117019725486986470e+00
9.966971254683005821e-01
8.501820388588685606e-01
9.315455107790147071e-01
9.883400573982896731e-01
9.839683946355826105e-01
1.149827017027640341e+00
8.858779170125061775e-01
9.700369371822402664e-01
9.014028448164526086e-01
8.275556710281597450e-01
1.177083908652587496e+00
1.112939028599030600e+00
1.095181097442440965e+00
1.019765764650991002e+00
1.175599052130903432e+00
8.303451898014393429e-01
1.131169462720771346e+00
1.048107427511317802e+00
1.092562937287464120e+00
1.137793168399224619e+00
1.043382414703390770e+00
1.092406004190956903e+00
8.635523765896249149e-01
8.816276000997930185e-01
1.083101568003483672e+00
9.405250486424463485e-01
9.076775513745094504e-01
1.118447424842139881e+00
1.085693507877130148e+00
8.953752595405775061e-01
1.007706015369937980e+00
1.027121558019263636e+00
8.222654566054403702e-01
8.738099927876072925e-01
1.108032298234649771e+00
1.199964010619290367e+00
8.636819314875839870e-01
1.042768951434576152e+00
9.037610572331301606e-01
1.142425385515801972e+00
1.058088189083069119e+00
1.067102975510538565e+00
1.171763652232720609e+00
8.340982277095395636e-01
1.075609304582616055e+00
8.214878132773796304e-01
9.453705816419954999e-01
1.106869438800199612e+00
8.820395956957561845e-01
1.173112234009253019e+00
8.125978282496617577e-01
8.712532323099949627e-01
1.037557491491517325e+00
8.744162794065715172e-01
8.341102658371448708e-01
8.763450238380039448e-01
1.023133574767096876e+00
8.144615267259709412e-01
1.030960783953816406e+00
1.102676957150530823e+00
