3.759714109184059128e-02
8.026737011755222251e-02
8.487010637557000636e-02
8.574507482201404462e-02
9.000995112333984305e-02
1.045237181446657393e-01
1.093986401279655324e-01
1.117996316879671798e-01
1.161757457356117906e-01
1.219906662501272221e-01
1.220419444840899897e-01
1.235914760315139638e-01
1.291081551661067139e-01
1.303839195026705866e-01
1.361016320932183776e-01
1.362136711630202168e-01
1.379633701909288857e-01
1.398182619747727895e-01
1.432252103013210154e-01
1.458832691932577252e-01
1.526741045132525842e-01
1.553622210782179269e-01
1.570052421382856778e-01
1.571274915894576574e-01
1.642676997779330683e-01
1.657266692803545660e-01
1.701738320612465605e-01
1.710467801806375143e-01
1.731619887310673067e-01
1.732567025518590431e-01
1.761910021846503915e-01
1.769144707065896382e-01
1.773380461118411189e-01
1.775426619784667148e-01
1.795515037655440183e-01
1.812279396835963785e-01
1.828328086782786410e-01
1.840242673547962116e-01
1.853059335542895925e-01
1.854529388618106345e-01
1.864843569772300647e-01
1.867835938795813222e-01
1.887855227635665267e-01
1.893544596907790478e-01
1.919962092875237836e-01
1.953757721990976859e-01
1.960284568332452126e-01
1.998111587379435838e-01
2.010480143659967300e-01
2.019578588973110211e-01
2.036096541101574120e-01
2.041712485073726435e-01
2.042625466215930996e-01
2.051591025102124100e-01
2.072523197000908091e-01
2.075056943773494755e-01
2.084333431888193422e-01
2.106820690868790313e-01
2.117612829392797047e-01
2.126897712252414641e-01
2.135815184199397199e-01
2.172711929509681950e-01
2.175327269595835888e-01
2.176589572118073634e-01
2.210365663484167853e-01
2.280557225791269294e-01
2.301531477339212872e-01
2.303761004559090053e-01
2.321014841673281204e-01
2.321082997485017785e-01
2.331283812471452443e-01
2.332350259240413837e-01
2.344332003005600296e-01
2.360223600074593808e-01
2.379217101584769622e-01
2.423321085859584945e-01
2.442255510750011016e-01
2.444212356621278115e-01
2.448651430173922616e-01
2.459292816242524826e-01
2.459717694660938092e-01
2.510469566635629146e-01
2.528986992177250093e-01
2.532850292295464878e-01
2.545323655430289378e-01
2.560330744254926127e-01
2.568287806671538664e-01
2.589381134025732778e-01
2.623613338324158328e-01
2.627158815196184438e-01
2.628273753698429638e-01
2.629636621711448630e-01
2.636527250995882588e-01
2.640152934326501777e-01
2.652688310227700463e-01
2.652712948772469326e-01
2.659044965217201018e-01
2.663170806061142537e-01
2.670203703747962010e-01
2.674042936657502478e-01
2.679113033709788483e-01
2.681700949304373083e-01
2.691096713159533693e-01
2.691174417406875241e-01
2.696320804957786921e-01
2.696746687177037360e-01
2.708134208441467794e-01
2.708703178851948890e-01
2.713045723099178352e-01
2.719238236377513607e-01
2.737022688482311783e-01
2.748184767076601309e-01
2.748474769872298329e-01
2.774935511049353432e-01
2.775303880834260051e-01
2.775701952442741205e-01
2.802677589848813211e-01
2.804625192382534937e-01
2.807963758040937785e-01
2.815358502471788649e-01
2.833575087870718323e-01
2.850603574176702737e-01
2.852361607642973640e-01
2.853614471313686840e-01
2.857026358739844230e-01
2.857219320475651303e-01
2.858001628858019005e-01
2.879557490115701723e-01
2.892564349187607409e-01
2.900959433913801733e-01
2.912902687288868586e-01
2.927558210603822264e-01
2.935296336111347104e-01
2.937998025195949769e-01
2.944486964767128456e-01
2.950941477325629836e-01
2.962510767803081535e-01
2.967853529438975180e-01
2.980580460838122558e-01
2.980701797573627743e-01
2.984589058425587416e-01
2.985259035755519208e-01
2.994336787256874355e-01
2.998355625097146593e-01
3.003954050653187546e-01
3.005897759925459933e-01
3.010296360936727256e-01
3.011078890807175057e-01
3.013810200873326406e-01
3.022172074502070815e-01
3.034748569339062452e-01
3.039013895400336507e-01
3.039959053988235960e-01
3.039960411996841527e-01
3.070804751557380530e-01
3.072351241814659240e-01
3.092279969374614468e-01
3.103989701393362055e-01
3.105595438932966523e-01
3.107990881411797357e-01
3.109807596616510073e-01
3.119591142704315478e-01
3.121523582734855862e-01
3.128491486920390030e-01
3.145566287415086371e-01
3.154790138513455244e-01
3.169698570666499293e-01
3.204690173787714813e-01
3.220374222193511660e-01
3.236063466113636711e-01
3.236917441013775765e-01
3.237568199179696182e-01
3.241160318626535308e-01
3.249122103924508842e-01
3.249278268255452184e-01
3.255601907138656603e-01
3.257439522272221888e-01
3.260506259461374290e-01
3.274614534000143129e-01
3.282756995315405102e-01
3.284801507448818492e-01
3.288373723100712631e-01
3.293095487391762277e-01
3.294457646780397653e-01
3.294568679217718121e-01
3.295299267214745198e-01
3.307414652931988663e-01
3.317030087735730604e-01
3.317872091569472603e-01
3.324085419483121528e-01
3.324179200735103978e-01
3.344931183141764408e-01
3.353170778905377736e-01
3.362091780648432393e-01
3.366958246391929532e-01
3.370284094873459702e-01
3.373992180955797116e-01
3.384879062476296996e-01
3.406119160425048475e-01
3.418475039935586768e-01
3.424142464311003553e-01
3.439712400687829352e-01
3.441162294512797870e-01
3.444140533896710155e-01
3.448016362222923181e-01
3.454450565936871831e-01
3.455121153104107612e-01
3.455365958804447746e-01
3.456678025577464841e-01
3.457062836033517050e-01
3.470322908446356602e-01
3.477242884461871908e-01
3.494175318407640729e-01
3.500233806554614580e-01
3.501909671981831007e-01
3.524951930796561550e-01
3.528503940515602677e-01
3.536716333228691056e-01
3.541044911042769971e-01
3.545545087842896237e-01
3.546974194000950820e-01
3.548029319391690639e-01
3.549942520121648348e-01
3.555019040883453663e-01
3.556814637842067306e-01
3.569038289009496268e-01
3.571380908467992610e-01
3.576158196453775862e-01
3.576546985210756202e-01
3.590714330297016810e-01
3.590977253402081182e-01
3.591871973521788552e-01
3.604298651801621234e-01
3.607618175527828042e-01
3.613802600535082066e-01
3.614456393042390636e-01
3.624985954185099835e-01
3.629305705188488052e-01
3.632907604162696757e-01
3.645167870472625360e-01
3.647926346334244840e-01
3.649482021632206585e-01
3.659023340571422311e-01
3.666641779248335231e-01
3.668519749902504623e-01
3.687292049013448092e-01
3.694962226164320018e-01
3.698294383665430840e-01
3.698859765287338952e-01
3.707402371789242368e-01
3.708111761890816593e-01
3.711563016396257630e-01
3.713655902601539216e-01
3.718044200504470043e-01
3.722909333752446592e-01
3.723753362803218225e-01
3.728182162708422731e-01
3.735570673210303894e-01
3.740287912943268678e-01
3.745156375149928940e-01
3.748350421449934688e-01
3.748897851857241337e-01
3.750679693207503718e-01
3.770167676930247236e-01
3.771645268422521569e-01
3.776004025268626663e-01
3.776611072303570071e-01
3.789512917996472607e-01
3.804104412119273526e-01
3.804559722406462008e-01
3.807854758906273895e-01
3.808710403823298285e-01
3.809227785946498468e-01
3.816585050998913542e-01
3.824190449089693855e-01
3.825855950015920603e-01
3.830974333205676707e-01
3.839625972297955325e-01
3.841559242844775346e-01
3.841819905526994150e-01
3.845045495081722553e-01
3.853623298014093868e-01
3.856334145983003614e-01
3.857163385299836045e-01
3.859162980674332721e-01
3.859184927547809063e-01
3.861355776011629604e-01
3.869412416894962847e-01
3.870252823527414732e-01
3.870713873870587074e-01
3.871559756497086058e-01
3.873934933450499107e-01
3.876463044015144854e-01
3.882216174233294459e-01
3.892620879103280140e-01
3.914741050750089046e-01
3.919935664346969606e-01
3.931222000059823585e-01
3.938096800526306729e-01
3.951920722613585513e-01
3.952033632451598111e-01
3.960847028429520522e-01
3.964341672889079016e-01
3.964745990972736722e-01
3.972815196273178362e-01
3.982077062402824552e-01
3.983813880038810651e-01
3.991130275560202390e-01
4.034712986748451025e-01
4.034737366662003999e-01
4.039743054246790477e-01
4.040773045055511270e-01
4.040945030032431218e-01
4.041334676917723856e-01
4.047109371622870100e-01
4.049096631271568159e-01
4.052304028119184109e-01
4.061120608623702832e-01
4.061997236112250276e-01
4.062992051646248104e-01
4.066666805567762388e-01
4.067392581861154488e-01
4.068790011836266318e-01
4.072553004172346780e-01
4.074913096801907608e-01
4.077702393941354253e-01
4.078196216763928517e-01
4.109247621919761562e-01
4.117419573250855613e-01
4.125936750880925263e-01
4.130621466391832808e-01
4.146522784787765592e-01
4.150961614641762165e-01
4.154929657661878828e-01
4.160313773710935803e-01
4.163622423101008274e-01
4.176391800554500322e-01
4.178718671845844668e-01
4.180156093828328312e-01
4.189363068875398000e-01
4.194574433619703280e-01
4.194925695606961380e-01
4.204037181030862991e-01
4.213819472512155828e-01
4.216068919003923554e-01
4.222238549468571578e-01
4.225989561157541541e-01
4.226258781005429177e-01
4.231147658799868649e-01
4.231605430999565987e-01
4.241561305697896800e-01
4.244111221119328814e-01
4.250382147683731127e-01
4.262689089821340427e-01
4.263878129439642173e-01
4.264044946200945541e-01
4.271273662923259495e-01
4.280077775004235141e-01
4.281477293871796541e-01
4.281978138123573308e-01
4.288829449266109428e-01
4.293367974029250744e-01
4.298027504774574181e-01
4.298715767933820597e-01
4.303990340724408448e-01
4.306568614552097052e-01
4.307918495803510495e-01
4.308885873456703708e-01
4.318956943619401412e-01
4.319160729176217406e-01
4.320263479719820832e-01
4.325524546136688131e-01
4.328850611209261734e-01
4.330745156204101054e-01
4.332255538374374937e-01
4.333057115836833617e-01
4.342551939425808860e-01
4.348951832633911607e-01
4.353457789288778246e-01
4.353515013220238261e-01
4.357209703168337667e-01
4.362073910456290005e-01
4.367391157735067142e-01
4.383115418217954917e-01
4.384034960154103988e-01
4.396024392734440012e-01
4.398718757372188093e-01
4.406199718277440391e-01
4.409936831402873625e-01
4.416729111133486652e-01
4.422087521644605945e-01
4.425721181752096944e-01
4.432143165375188598e-01
4.432900428187799280e-01
4.437066040047358273e-01
4.439637822136440759e-01
4.440868842166932895e-01
4.447199835594223272e-01
4.448719406143516464e-01
4.450050710266246767e-01
4.472740098702111533e-01
4.474482769108810709e-01
4.474835742762970359e-01
4.484918736365473002e-01
4.491504447339862427e-01
4.495307903522006709e-01
4.501594185979832519e-01
4.505111857248604856e-01
4.512103285687544263e-01
4.519925022221799038e-01
4.520384068521853260e-01
4.521088467350060647e-01
4.521902175261260370e-01
4.523732880965852798e-01
4.524878343048203133e-01
4.538313469439502201e-01
4.539605519574670400e-01
4.540524174800769086e-01
4.545797532769688676e-01
4.547089219792238013e-01
4.550787273595364169e-01
4.551624864034620743e-01
4.560944121709636367e-01
4.565376222887942426e-01
4.574375105588540658e-01
4.574831769977059648e-01
4.581992510220577186e-01
4.586600101903647309e-01
4.611714752173023402e-01
4.613144361052983200e-01
4.614664529192614162e-01
4.617554114401704046e-01
4.619491394401466500e-01
4.622090117287023237e-01
4.625387102550118090e-01
4.626258027227823089e-01
4.631603351505931276e-01
4.631666535956748265e-01
4.631982406456814916e-01
4.639898047218404264e-01
4.640698035461278126e-01
4.643939869661458664e-01
4.644280417633721014e-01
4.645575972482401395e-01
4.656826675615450828e-01
4.667017238896318254e-01
4.670202847162386872e-01
4.670610741125060805e-01
4.676499734399203190e-01
4.680506293550755759e-01
4.685238403491780446e-01
4.686076273632868716e-01
4.694485507335222074e-01
4.699342301812860501e-01
4.704951666394092680e-01
4.713081148696201539e-01
4.715938455868812773e-01
4.717368744167538819e-01
4.718598047819621000e-01
4.726797550626539168e-01
4.730104419784016967e-01
4.732237415073115572e-01
4.734229510127777041e-01
4.737079272169295030e-01
4.740902941975092544e-01
4.745347117515666402e-01
4.755572296385655595e-01
4.769072287323862791e-01
4.769559418228189740e-01
4.778393859491866236e-01
4.779450385582766359e-01
4.791962297677235250e-01
4.796691394338966075e-01
4.799758509653562766e-01
4.802567302243574976e-01
4.806582408097841430e-01
4.816162005262067392e-01
4.816464399129766205e-01
4.820759650335894042e-01
4.834374552463502894e-01
4.839483568580188466e-01
4.843591009889822718e-01
4.852008976495863490e-01
4.854552593755700474e-01
4.855542130051233585e-01
4.859348025126602466e-01
4.871169498683118881e-01
4.873215226233645891e-01
4.887043258800318757e-01
4.889663472366443941e-01
4.895981453526747629e-01
4.906773879760504276e-01
4.906974402023351889e-01
4.907582397456746737e-01
4.910642532907524282e-01
4.912100931214069544e-01
4.916677677148616477e-01
4.917998162701516796e-01
4.922544885186489472e-01
4.926133658676046245e-01
4.928241918789969533e-01
4.930958622514339806e-01
4.931588857110545954e-01
4.944678877615856782e-01
4.944696667486668806e-01
4.952077340071132650e-01
4.957039492189758145e-01
4.960676219941585474e-01
4.963402146003850213e-01
4.964839991851920931e-01
4.964916852512730738e-01
4.967106595039963435e-01
4.972293547499479494e-01
4.975514606664429573e-01
4.979699855026853417e-01
4.984029434887153887e-01
4.987338293003931167e-01
4.994016517756416085e-01
4.997376119457180854e-01
5.007072373952102806e-01
5.007545963446431436e-01
5.012896819206232868e-01
5.018547022212487274e-01
5.020426105825068763e-01
5.020690766352446932e-01
5.021177875957660852e-01
5.024247978494299494e-01
5.025785000316963513e-01
5.029429086188386133e-01
5.029676856239021498e-01
5.035669307526967620e-01
5.049861172376490792e-01
5.052537344517534779e-01
5.053902515181766253e-01
5.058154436749592309e-01
5.064054672151158121e-01
5.069017062337690671e-01
5.072927935342307348e-01
5.075607796815910788e-01
5.078123990904278573e-01
5.078929598018746550e-01
5.080546627118500691e-01
5.084567638334714923e-01
5.087736215786562433e-01
5.089350022594592016e-01
5.089592053014109219e-01
5.090185757625326213e-01
5.098533150708038919e-01
5.099566300450658618e-01
5.104674825822674844e-01
5.105419301124771714e-01
5.111070032418966180e-01
5.111781829121263554e-01
5.113507334588517361e-01
5.115821397398299109e-01
5.118388499410325698e-01
5.122175489002133153e-01
5.122443704762635885e-01
5.127460380811990071e-01
5.131720023298003142e-01
5.139256703097488943e-01
5.143680967963241146e-01
5.157179336126346270e-01
5.159874326179235693e-01
5.165495138952641563e-01
5.167882214654012651e-01
5.174384396832168997e-01
5.181010524398907968e-01
5.204758040153485421e-01
5.207982478006694116e-01
5.209410249433196194e-01
5.217422781864332615e-01
5.223154474727443874e-01
5.223404236491790975e-01
5.234143869725604858e-01
5.235131084447175454e-01
5.239386712893525644e-01
5.239949793240714637e-01
5.240769527771180769e-01
5.242857819827531074e-01
5.246957165775985032e-01
5.248362229880998431e-01
5.249011580989181303e-01
5.249756707358108621e-01
5.251873050984102731e-01
5.254908899473014205e-01
5.257939417534329696e-01
5.261663689106319541e-01
5.272395970071723781e-01
5.273860151057261358e-01
5.276418642100610956e-01
5.285740008025479053e-01
5.286376382762528747e-01
5.290873762546177694e-01
5.292071790288700450e-01
5.296150280245693898e-01
5.297835893042628364e-01
5.298710238232863245e-01
5.301221644085866158e-01
5.309058581941935584e-01
5.309842364893514466e-01
5.320581361608767157e-01
5.321483528814858754e-01
5.323485575946201864e-01
5.324760536189696580e-01
5.325442699884312958e-01
5.325932665639014907e-01
5.326105415769498697e-01
5.332056736045582834e-01
5.332479835842590665e-01
5.332990762276290653e-01
5.334113942015582532e-01
5.342979320312578606e-01
5.344600843172061522e-01
5.353963518435315150e-01
5.354713131350513633e-01
5.361367824108486113e-01
5.365871600273710573e-01
5.366324715019881175e-01
5.367115478937612982e-01
5.375020548746115567e-01
5.378935244620045575e-01
5.384216120019323926e-01
5.386921209973348779e-01
5.389674333547853635e-01
5.394970731203281300e-01
5.395013457990743833e-01
5.395160605800093379e-01
5.408186970544133221e-01
5.409967125174584002e-01
5.411535176959464399e-01
5.417478523108444355e-01
5.419460330355250210e-01
5.425511817569577122e-01
5.430274941949783107e-01
5.451098693718052779e-01
5.456744187488280495e-01
5.458846203337183178e-01
5.459542989512856659e-01
5.460719955725736874e-01
5.463626692442086208e-01
5.465564604411303762e-01
5.469547090271180689e-01
5.480793540649369078e-01
5.491999295794272040e-01
5.492882243324865854e-01
5.494699432186194166e-01
5.500346182093647229e-01
5.500961699189839127e-01
5.502447466653896946e-01
5.503802545685589909e-01
5.507977725707516869e-01
5.508068855025480826e-01
5.511061529750510557e-01
5.517839949372110864e-01
5.525119373338810425e-01
5.526601239844207702e-01
5.535050483553578538e-01
5.538015542563192728e-01
5.541133786754185442e-01
5.541520071518911683e-01
5.548483486474928839e-01
5.550189683590190937e-01
5.554099994965324694e-01
5.554517063051794823e-01
5.556464940456352641e-01
5.561231761597076328e-01
5.562948345091520697e-01
5.570682466123777488e-01
5.577726902670873121e-01
5.582637245238540880e-01
5.586521870549586710e-01
5.586736197861634778e-01
5.587618896234568533e-01
5.587900059320931589e-01
5.593514738538589715e-01
5.594059524300601938e-01
5.597036134061340595e-01
5.599000870218646675e-01
5.604923873713266724e-01
5.605806238120465412e-01
5.605909960701581651e-01
5.606339551303032298e-01
5.606614455265191976e-01
5.606973317441611426e-01
5.610370673957612020e-01
5.618643088611033898e-01
5.618869597176485708e-01
5.626321153980569090e-01
5.630274573982978481e-01
5.637883686470730460e-01
5.638869705716391678e-01
5.642102549628533747e-01
5.645906006478922379e-01
5.649274190391282424e-01
5.652737871282893511e-01
5.654563596583934704e-01
5.656791500995513866e-01
5.658950488678974322e-01
5.665483051618273036e-01
5.668535489930301985e-01
5.670872391138330748e-01
5.671077893845325457e-01
5.671548640398437202e-01
5.673483437124701156e-01
5.681170146691782996e-01
5.681242218187745330e-01
5.689305384158850343e-01
5.689828142701867097e-01
5.691798878910000470e-01
5.699555797672707369e-01
5.700996506467336244e-01
5.702805200377458750e-01
5.705813236252514908e-01
5.707878497461634781e-01
5.709235235683610687e-01
5.721910804966878761e-01
5.722292594225353302e-01
5.723628413359505007e-01
5.723952092170825345e-01
5.724024838911908608e-01
5.732295278536833072e-01
5.732638735200019653e-01
5.740419597768762205e-01
5.740564376061251251e-01
5.742201380967200119e-01
5.750375420890897482e-01
5.757197826986619749e-01
5.760541505045874144e-01
5.764967969714978047e-01
5.766189382731949920e-01
5.767702410004112989e-01
5.767812697876887329e-01
5.769471589763096597e-01
5.769786958828373447e-01
5.773023275154961498e-01
5.775557639238872998e-01
5.779516439901780656e-01
5.779556430873828976e-01
5.782535154025256752e-01
5.783000112697587181e-01
5.787180784885099794e-01
5.789037510544013942e-01
5.794811437003437593e-01
5.797266035335895129e-01
5.798686026138182292e-01
5.805513693754684734e-01
5.806284276942216271e-01
5.807819910953850862e-01
5.810391042384986937e-01
5.813381825085035537e-01
5.814854949224891323e-01
5.815240024349492831e-01
5.816867871530917444e-01
5.824058359374416627e-01
5.827587227171637796e-01
5.833131240821916030e-01
5.840822488095133158e-01
5.841826773857478061e-01
5.846878792051192208e-01
5.849610745804627587e-01
5.853235634764639705e-01
5.854038730775318333e-01
5.855704801207012311e-01
5.859408029731888456e-01
5.868017661114539596e-01
5.870212949038683403e-01
5.876230186516235854e-01
5.876587799495627262e-01
5.877259326200712231e-01
5.879318088495498751e-01
5.881617401926328981e-01
5.884002852017075069e-01
5.887507298748664297e-01
5.888845216380724779e-01
5.890719457920013946e-01
5.893067204609632181e-01
5.894985840219278961e-01
5.897055604579064525e-01
5.900551076448536936e-01
5.904093235169143306e-01
5.909088748401799540e-01
5.913029446172355375e-01
5.915876624283888940e-01
5.916556823546689214e-01
5.929717505029248326e-01
5.930252047946936722e-01
5.934715294805851249e-01
5.935855519003074843e-01
5.943170913935613697e-01
5.944297595150707103e-01
5.947475381581842635e-01
5.951062885789483170e-01
5.953842437250425057e-01
5.962734753277423305e-01
5.963959077623610661e-01
5.964702577743841161e-01
5.968455568734698513e-01
5.971479935621825108e-01
5.971519723961989934e-01
5.973002509282366868e-01
5.976869324452508403e-01
5.985830144213661885e-01
5.987152375885416156e-01
5.988507284455263369e-01
5.992506658255468688e-01
6.001296779912586032e-01
6.003897178830218673e-01
6.011030671294804728e-01
6.014214136295420454e-01
6.017507592838636787e-01
6.017932798676866035e-01
6.021666771939658824e-01
6.024709789285673800e-01
6.039097485102979945e-01
6.039818398632161855e-01
6.044333999782987021e-01
6.044626565498070203e-01
6.047378204895519360e-01
6.051343974258356351e-01
6.054227595313533827e-01
6.054346566759929438e-01
6.055242276715371297e-01
6.057939825859082195e-01
6.058453909855207042e-01
6.061797237167478869e-01
6.063454552224690763e-01
6.065904075874617440e-01
6.066142731152963652e-01
6.067324365136883557e-01
6.077172371241694737e-01
6.080635927690989373e-01
6.081281912615531526e-01
6.081767023249255999e-01
6.082446214912364812e-01
6.088038267834945394e-01
6.089730560583748176e-01
6.089927401272763330e-01
6.090597349128082927e-01
6.092724556001959391e-01
6.092942410133327380e-01
6.105002368564633741e-01
6.110297199524349354e-01
6.110490082733862627e-01
6.113137859566715182e-01
6.115737014077630151e-01
6.121327058170298319e-01
6.121674885962069546e-01
6.133964407532576102e-01
6.135813250901991367e-01
6.136450582006496290e-01
6.138324305168032513e-01
6.139603310136968473e-01
6.141022294636943046e-01
6.141681754914781743e-01
6.141701353238329109e-01
6.142127207024014046e-01
6.146214486037496760e-01
6.147108308320294867e-01
6.147681483160964966e-01
6.153488696376583356e-01
6.154655721739903385e-01
6.155059410024249500e-01
6.161763513306730555e-01
6.170517865365018340e-01
6.175895355092581029e-01
6.183349926005160535e-01
6.184008852052846894e-01
6.188427152882504112e-01
6.188797024738658115e-01
6.190841071556305586e-01
6.208128896926962126e-01
6.208836784987126212e-01
6.212292807132855366e-01
6.212608526308813772e-01
6.215438694534319852e-01
6.215705212439558425e-01
6.215993806741603178e-01
6.217110732936147466e-01
6.220820932550337190e-01
6.222205871223854823e-01
6.222732014237811748e-01
6.223252339210307849e-01
6.226361866094641817e-01
6.238477598085641063e-01
6.242199109990507200e-01
6.242418965000376962e-01
6.246524533736681484e-01
6.252638018794616226e-01
6.254001477545554355e-01
6.254521326877124920e-01
6.259256317146857374e-01
6.260393618199473487e-01
6.262682122078536695e-01
6.274384267272299365e-01
6.277873289801338963e-01
6.279378111716062971e-01
6.289285654903645773e-01
6.289526399794553857e-01
6.292056664124157095e-01
6.300644425280845784e-01
6.302367404924458238e-01
6.305706618974847855e-01
6.307340787240092173e-01
6.311149886845709434e-01
6.311155307918802082e-01
6.314627047242667990e-01
6.319376879229536836e-01
6.323774267133869253e-01
6.331968871773954177e-01
6.334135662317095239e-01
6.335558120597009069e-01
6.335674432940192613e-01
6.335780081814780251e-01
6.338802816921593752e-01
6.341298204361199842e-01
6.342608605029187441e-01
6.347504839824316125e-01
6.349049522846785809e-01
6.352835096510632829e-01
6.357416719100239533e-01
6.360896167983187688e-01
6.364121073863592271e-01
6.365566129194843992e-01
6.366327034320456990e-01
6.366521437851434539e-01
6.370452639449739607e-01
6.372216055428632231e-01
6.374857773323434618e-01
6.375843309646608281e-01
6.376807452138607557e-01
6.377259060330170426e-01
6.379702219694348697e-01
6.382674844362502542e-01
6.383421749665768585e-01
6.383508507388691022e-01
6.384214902614280263e-01
6.386529988180894568e-01
6.386993491701333792e-01
6.402808235052706021e-01
6.406765099174581701e-01
6.409473430879015776e-01
6.413597322854267535e-01
6.417455137519265662e-01
6.419332577250371763e-01
6.420841347482011408e-01
6.421220230921074190e-01
6.423216369057134223e-01
6.427460739965963343e-01
6.427880681362518889e-01
6.429301895358334740e-01
6.430929219713388267e-01
6.432671308990434156e-01
6.434760115453013185e-01
6.435464720073442724e-01
6.436183606913088440e-01
6.436401015140051918e-01
6.437502017574693314e-01
6.438182476181329994e-01
6.439669226361197651e-01
6.442683244137132892e-01
6.442811149328614428e-01
6.448111526149798989e-01
6.450991557795393572e-01
6.451411484699466348e-01
6.453047298806563470e-01
6.454806128536920706e-01
6.454916517858368952e-01
6.455001493369065813e-01
6.456955786175975209e-01
6.462523891089348993e-01
6.464892499846950358e-01
6.465142482834279614e-01
6.465686380076641759e-01
6.471753357027686393e-01
6.475598359007431748e-01
6.477567935412464895e-01
6.477914583335997456e-01
6.483655112825038591e-01
6.483874810310454873e-01
6.488592556172643189e-01
6.489838084932810780e-01
6.496657427063013968e-01
6.500713222049897544e-01
6.504414739968655823e-01
6.505427771135027237e-01
6.506809383322813556e-01
6.511137481119574355e-01
6.519314897437931133e-01
6.520222512026171424e-01
6.522376902064616067e-01
6.536088338401997433e-01
6.536522801416124739e-01
6.541124922928507335e-01
6.541447386277290388e-01
6.542872718630173834e-01
6.543889345899013277e-01
6.544897451085649465e-01
6.545102576795431837e-01
6.546953813825908686e-01
6.549216248974697452e-01
6.549250688874528326e-01
6.554141085347793272e-01
6.554366030091639539e-01
6.555331786211071599e-01
6.557525013727883989e-01
6.560094531345441737e-01
6.563492263282452166e-01
6.586601768239788157e-01
6.587448313568489144e-01
6.591536601590186617e-01
6.592269609910366146e-01
6.596236496003322625e-01
6.596893325864183755e-01
6.600484221688437403e-01
6.603996438344391651e-01
6.605952127902747772e-01
6.606372562373195034e-01
6.608420895169622167e-01
6.608611628054523734e-01
6.609214002328245297e-01
6.611353383529858796e-01
6.614423203020668440e-01
6.618318427991183306e-01
6.618572662929573802e-01
6.630729786354774280e-01
6.634016833706217753e-01
6.635217060438993730e-01
6.636276864743546611e-01
6.636927406217610903e-01
6.642875728447984462e-01
6.650569238330064081e-01
6.650694499770611889e-01
6.653280827615138948e-01
6.655143853785684405e-01
6.656428407933683289e-01
6.658206476214582059e-01
6.659770844040781013e-01
6.660128761769028571e-01
6.663539362852043402e-01
6.663866975572675377e-01
6.666223167611681211e-01
6.671359388516825417e-01
6.675662146613965398e-01
6.675876698649134688e-01
6.676410376577748274e-01
6.677881301612202947e-01
6.679549075442456907e-01
6.682562950331036866e-01
6.686727164447097138e-01
6.687984843430022641e-01
6.693522046822999449e-01
6.703615262489961424e-01
6.704200316136453841e-01
6.704499273408756066e-01
6.706203567650834696e-01
6.706905759252932420e-01
6.711608780642676075e-01
6.711680798652595037e-01
6.712741187975314050e-01
6.713423058274995414e-01
6.719874014742993618e-01
6.720723288262090422e-01
6.720790343585936188e-01
6.724802958533957487e-01
6.726851592599443208e-01
6.728000131135281059e-01
6.733667712219626456e-01
6.750751597958126737e-01
6.754857840789764145e-01
6.756862515048875917e-01
6.758105092648384327e-01
6.762693402053855385e-01
6.766276591302109455e-01
6.773391685548242336e-01
6.777314357709725012e-01
6.777928735451599351e-01
6.781921443366032420e-01
6.791634195845424049e-01
6.791974288505651103e-01
6.792265673490416322e-01
6.793647528045853035e-01
6.794355184636737821e-01
6.795865585207320203e-01
6.796833090771158270e-01
6.797260902995357901e-01
6.799066048760193937e-01
6.803704792342393226e-01
6.804688455823305615e-01
6.805530989627587291e-01
6.812111673243504972e-01
6.812903944307272530e-01
6.813208577020172241e-01
6.813239539725403082e-01
6.813608352630083909e-01
6.815705036541918060e-01
6.820200456556012591e-01
6.820242717193422122e-01
6.823305219955875245e-01
6.824446076214136792e-01
6.824515010196640086e-01
6.826458589241652941e-01
6.827128006952754014e-01
6.828562941208105030e-01
6.833499800760347576e-01
6.834089978409427779e-01
6.835984711813820613e-01
6.840138224602914097e-01
6.842216022759172178e-01
6.845192479060415724e-01
6.848741333316157309e-01
6.849756989834236975e-01
6.851086090448581523e-01
6.852211568796477970e-01
6.854679514886414804e-01
6.857447503036588898e-01
6.857974319226703974e-01
6.861410003674754954e-01
6.864093742705965617e-01
6.864920327763901486e-01
6.866472147262765446e-01
6.870485897332607728e-01
6.872400556804733052e-01
6.873915352769980336e-01
6.874371327425463640e-01
6.875034438665651448e-01
6.877768663049899089e-01
6.883158985940137642e-01
6.886525102537135457e-01
6.888959576133499851e-01
6.890778846329519425e-01
6.899530844699277576e-01
6.902929578871985772e-01
6.905705564483185510e-01
6.911022266266523273e-01
6.914309454635066965e-01
6.918749622903614949e-01
6.921457286305581214e-01
6.922330737574511339e-01
6.927248479216500110e-01
6.928846765225550319e-01
6.930922428669479274e-01
6.933110692835842137e-01
6.933113587627347529e-01
6.938397006260094146e-01
6.939328266250082144e-01
6.947734989402074568e-01
6.949110103739413180e-01
6.952021290149217325e-01
6.952466602070889179e-01
6.952823543530533001e-01
6.954986763107081638e-01
6.957912813343570813e-01
6.958053952860581148e-01
6.959116320316364179e-01
6.961934437867134395e-01
6.962890560739753987e-01
6.967922240434277770e-01
6.969253045486322184e-01
6.972308624241282393e-01
6.972574411624989921e-01
6.974399477513351098e-01
6.976570709533853609e-01
6.978643581986592181e-01
6.982304858631873667e-01
6.984873706688290440e-01
6.985971614427749499e-01
6.988177151638698126e-01
6.991311020303198065e-01
6.993303123969099033e-01
6.994461165265577485e-01
6.995141395574615562e-01
6.997160913865946297e-01
7.001641816472989888e-01
7.006726127441591512e-01
7.008763084420477352e-01
7.012351099250081488e-01
7.022048157420049952e-01
7.024392202592844026e-01
7.035111290018121188e-01
7.036341480413265126e-01
7.043311104305297610e-01
7.052600651657200403e-01
7.054177302523417792e-01
7.059569443381505938e-01
7.062560052404042166e-01
7.063321233683369504e-01
7.064304194264883208e-01
7.070751248812441325e-01
7.071149608106208628e-01
7.071814824305868719e-01
7.073360224625837578e-01
7.073752283652046113e-01
7.077836233819989609e-01
7.078150291566489560e-01
7.080031022475603564e-01
7.082676798335517665e-01
7.083378225676967288e-01
7.083571940917834375e-01
7.084332169236533527e-01
7.085022512125369598e-01
7.085631594792667354e-01
7.089650324035454698e-01
7.090323097386077578e-01
7.091465998212491684e-01
7.092809958233952106e-01
7.093872493478394770e-01
7.098180390889413660e-01
7.100510713461467560e-01
7.104122111674634477e-01
7.107689011038595961e-01
7.108279662997816217e-01
7.111586502458068226e-01
7.112963872077459060e-01
7.114129016988379739e-01
7.116144048117833965e-01
7.117274577268838387e-01
7.125319863193978476e-01
7.129733722328555068e-01
7.130214820914073659e-01
7.131267048318779000e-01
7.140946305613561362e-01
7.141551552695599714e-01
7.141660881938248773e-01
7.144682976559095788e-01
7.146211709701812964e-01
7.146597731619421801e-01
7.148554529830746240e-01
7.148868349342752948e-01
7.151005360394259158e-01
7.151442289169678279e-01
7.153296634996892944e-01
7.153897812616538676e-01
7.157069002598392959e-01
7.159252670460761747e-01
7.160817389443963066e-01
7.164816726981146910e-01
7.166746406384389978e-01
7.179538106696016220e-01
7.180001716463932926e-01
7.181790523969235895e-01
7.183027773151058337e-01
7.187734623812654933e-01
7.189052030346029243e-01
7.198427459557342756e-01
7.201345252851455436e-01
7.202674704160462182e-01
7.204833996826297549e-01
7.205590160717739723e-01
7.206048778261766596e-01
7.207127756744241553e-01
7.207156604063024163e-01
7.215263651316760063e-01
7.220510381735316674e-01
7.223551544041381112e-01
7.225133270035997146e-01
7.227173274305880302e-01
7.227517779402067299e-01
7.228010213810286411e-01
7.231560240770413817e-01
7.234174837029886396e-01
7.242356931006020959e-01
7.244044384296339789e-01
7.251712366272120569e-01
7.252365400877538448e-01
7.252985488514205326e-01
7.259813478004497611e-01
7.263972767822839405e-01
7.266948899440350829e-01
7.271495035473438673e-01
7.279984645926534936e-01
7.280328602921944947e-01
7.281926235430518091e-01
7.282580141089052272e-01
7.290399665031139786e-01
7.294186619614286826e-01
7.312567853149071206e-01
7.312638140982072876e-01
7.314704336133392992e-01
7.317579586224357557e-01
7.321301268296234177e-01
7.321335667280912674e-01
7.321627881984339448e-01
7.322394612923769364e-01
7.333278486141183716e-01
7.333904430495393756e-01
7.334640716433790120e-01
7.336540619283095088e-01
7.340252809611720330e-01
7.341366727575826534e-01
7.342248930243365779e-01
7.342458582547409796e-01
7.345239072467225627e-01
7.345630377895796537e-01
7.346057995723841438e-01
7.350099840816789465e-01
7.350707900540228712e-01
7.359462552648449174e-01
7.363515254183750081e-01
7.363650266483758866e-01
7.368996233435616272e-01
7.369189927460668699e-01
7.369651433089392523e-01
7.376519244703420020e-01
7.377875600397613143e-01
7.379400562434865751e-01
7.380498203946208591e-01
7.382426600090417068e-01
7.386301408234144938e-01
7.392129563598670572e-01
7.393245735467526281e-01
7.394894281010726544e-01
7.399559971925809831e-01
7.402886098672671888e-01
7.410522162053194695e-01
7.413511554169600615e-01
7.418305919323264774e-01
7.422973504596144245e-01
7.427124460651284288e-01
7.428314856985089865e-01
7.428420567687534781e-01
7.431232608720078625e-01
7.431768186342683213e-01
7.433818034802927022e-01
7.434664246604846261e-01
7.436048661095705503e-01
7.438059540645753920e-01
7.438722731923309572e-01
7.438968338386162671e-01
7.440334857102816057e-01
7.445639438152779066e-01
7.446611321026109787e-01
7.453195886010678395e-01
7.455130462899728361e-01
7.457483202153255553e-01
7.458848674937019751e-01
7.461067150053111163e-01
7.462185349801596645e-01
7.462358424364089471e-01
7.464071854459796151e-01
7.466540979544452616e-01
7.466711604708791139e-01
7.467331769632660210e-01
7.467496111023272931e-01
7.467789582005357474e-01
7.469353216181658928e-01
7.473205091036336789e-01
7.479444136970960777e-01
7.483322096177740246e-01
7.485411855760457644e-01
7.485856608136034485e-01
7.487258712794996329e-01
7.487396392964551506e-01
7.488865407064113633e-01
7.488892567773601794e-01
7.491794829912115095e-01
7.492967091346230957e-01
7.493190288301698754e-01
7.496639629792397619e-01
7.497563100705282313e-01
7.498989848898865995e-01
7.505038250789775045e-01
7.505850414159223050e-01
7.507468503386524050e-01
7.508578138926397250e-01
7.510265450815430954e-01
7.510473862970459269e-01
7.515863410306875547e-01
7.517283975607245150e-01
7.518337050636115793e-01
7.520752125924199394e-01
7.523892604408091156e-01
7.525185331484260942e-01
7.526236044968640515e-01
7.530939459514257583e-01
7.531720192045173734e-01
7.536605270480114527e-01
7.537143385445600474e-01
7.538131296698182826e-01
7.538191177669377741e-01
7.541286290649478197e-01
7.545660053492608821e-01
7.545982034040155106e-01
7.546554239158455024e-01
7.548790975332060338e-01
7.552691600293668373e-01
7.554287580915579614e-01
7.556846199372362349e-01
7.558767109854886979e-01
7.563922693379043771e-01
7.566904659738424854e-01
7.571273127437541106e-01
7.573778686347130140e-01
7.578020420048796613e-01
7.579092820678061670e-01
7.579625480593650266e-01
7.585219886958149971e-01
7.589858790676506928e-01
7.600839399418395370e-01
7.600914293751731554e-01
7.601657966694770341e-01
7.606874920224120373e-01
7.607218442487547749e-01
7.612133294370504455e-01
7.614138722166040596e-01
7.615523010155147432e-01
7.617052014543453931e-01
7.618093705831163742e-01
7.619812247022231810e-01
7.629684163347082437e-01
7.642797916882733134e-01
7.643513792762013370e-01
7.644638588942820334e-01
7.647741262566807308e-01
7.647963129847963337e-01
7.650643178551984613e-01
7.654161180064980030e-01
7.654803934252005782e-01
7.658572910186984828e-01
7.659247720031241435e-01
7.660372275968473366e-01
7.663251417957562817e-01
7.663384848100818214e-01
7.663488681444771133e-01
7.667842301888413425e-01
7.668419494774088019e-01
7.668526196357324798e-01
7.675870652996170662e-01
7.678503586093138322e-01
7.684316806225424124e-01
7.684375351132765042e-01
7.687268028894590488e-01
7.698225781547881619e-01
7.698492886613738095e-01
7.699893541976450262e-01
7.706744437058368202e-01
7.708032145539156499e-01
7.709073392504821598e-01
7.709797192018271739e-01
7.711961327054464022e-01
7.715662739155915162e-01
7.723189924054498778e-01
7.724792981090486954e-01
7.725728141570498142e-01
7.728924177410805285e-01
7.729301030615074453e-01
7.731077210332750749e-01
7.731757151299183395e-01
7.733975758024338454e-01
7.734098137667322348e-01
7.743483044260678350e-01
7.743969409601143550e-01
7.745970235735060161e-01
7.746130108972942852e-01
7.746480985607968606e-01
7.754687792990077044e-01
7.762876554627510250e-01
7.763365156695670732e-01
7.763444556611408531e-01
7.766780050605149865e-01
7.767253440422061672e-01
7.770172900689524820e-01
7.772115391546312591e-01
7.772299998685161526e-01
7.777348848366404388e-01
7.778154051595744800e-01
7.778519664328459315e-01
7.784854073578189038e-01
7.786585706398925222e-01
7.786750268404767361e-01
7.788900332494490542e-01
7.791170721259768062e-01
7.793506723684160420e-01
7.794189120243100177e-01
7.795511858240280478e-01
7.797385033039005986e-01
7.798011245962161997e-01
7.810771989985243469e-01
7.812854015097790983e-01
7.814968679374389993e-01
7.815070519454370146e-01
7.817866706751686046e-01
7.819880376307569714e-01
7.820959406521874602e-01
7.825283908618173578e-01
7.826687582643049312e-01
7.828566547515724006e-01
7.828669571744212297e-01
7.831409352702399795e-01
7.833828840454944986e-01
7.835001689069932551e-01
7.843543377124291283e-01
7.846460073411525293e-01
7.846482312743270349e-01
7.848368662830965681e-01
7.853057310611732955e-01
7.862953624246007411e-01
7.865413261367439901e-01
7.865695262284985168e-01
7.866252024555060451e-01
7.869044687626777224e-01
7.870414656898140349e-01
7.872324327428035229e-01
7.876546550332340635e-01
7.878088863674814757e-01
7.887675795666000411e-01
7.887991162548417812e-01
7.891801163876666081e-01
7.894597912353844560e-01
7.895324204052924788e-01
7.902651329196032082e-01
7.904894999178533332e-01
7.905647912041963155e-01
7.908432629741143360e-01
7.908548414477980515e-01
7.911449560542741510e-01
7.913148035244303991e-01
7.918004434808360026e-01
7.918049108490501364e-01
7.919439249412325577e-01
7.923636817192014625e-01
7.924232648675291202e-01
7.925725759125197278e-01
7.926384961413137642e-01
7.929822541781894607e-01
7.933892443424092056e-01
7.934334836379608458e-01
7.934413812163710888e-01
7.937367952125116144e-01
7.938370939749725963e-01
7.945214942373818312e-01
7.952222660014589550e-01
7.957684750257738582e-01
7.959649288678221080e-01
7.960182437969404168e-01
7.965652402442731095e-01
7.965907082464350752e-01
7.966176358562002680e-01
7.967297601589213851e-01
7.967866368473927041e-01
7.970270176840378307e-01
7.976086325957395529e-01
7.982031008568359898e-01
7.983305973405283584e-01
7.995943983132077770e-01
7.996819712241008959e-01
7.998890946507222210e-01
1.168421158713730978e+00
8.489632146358856435e-01
1.356879423824927322e+00
1.321621684831895571e+00
9.004001008434877606e-01
1.235807442013590718e+00
1.234823226198992874e+00
1.117794446091814775e+00
1.045771373938503945e+00
8.139125029526212973e-01
9.114614618357581577e-01
1.299966983714986979e+00
9.539925747248003685e-01
9.237778712991294716e-01
9.471649633311242100e-01
1.241236378902172532e+00
1.138169787623142692e+00
8.649461639236957211e-01
1.071636689053782288e+00
1.056305486461934340e+00
1.212587702370533815e+00
8.115876941727124816e-01
1.101748439898719845e+00
8.038111254460661437e-01
1.207693623013302631e+00
1.274297011641345456e+00
8.650432059346202518e-01
1.190503861107372163e+00
1.098033422186541985e+00
1.240927015706783765e+00
8.841212545288350544e-01
8.443989272781531330e-01
1.207849372735093407e+00
8.475887472996213035e-01
1.270550375680906896e+00
1.106749526789337024e+00
9.356262045121589432e-01
8.542103717457446566e-01
8.258300743472060113e-01
1.033074768818370570e+00
1.344840145869626857e+00
8.338201403722816929e-01
9.452183854597557833e-01
1.219846207635589819e+00
1.217858035794887384e+00
1.244441482235551621e+00
1.171817636454109302e+00
1.124311785462048796e+00
9.185641086655763621e-01
1.013210662252286509e+00
1.284029252308426461e+00
1.250087029081266454e+00
1.000411928454429500e+00
1.341171041390659013e+00
1.165126425176203906e+00
1.349620623373632089e+00
1.066670771852547217e+00
1.000971447029929351e+00
1.047407326289195861e+00
1.139112587925238174e+00
9.120574995414498787e-01
1.281732613068267135e+00
1.246864934738124431e+00
8.143171691599296880e-01
1.235435368775290144e+00
9.589887097404984351e-01
1.380650124374257492e+00
1.395613101611318907e+00
8.655416486995063385e-01
1.005877990629449048e+00
1.221408818999052182e+00
1.175794286363145424e+00
1.399197524310632934e+00
1.354654430961994560e+00
9.795897861964127928e-01
8.804088446292193115e-01
1.154355112965608221e+00
1.389883364169501645e+00
1.171765977935165237e+00
1.350242930811126563e+00
1.199727663117107657e+00
1.034637905257874468e+00
1.322982275696942267e+00
9.219541002617794856e-01
9.855205025506467154e-01
1.359397904690836656e+00
9.861967141823709815e-01
1.378291311126415231e+00
8.466811073225393169e-01
1.087571146345691186e+00
8.312523238511684287e-01
9.178754234551986801e-01
1.256148788710059083e+00
9.310168641916072296e-01
8.092003237429319373e-01
1.051805379488988335e+00
1.369751049087200245e+00
1.395638064446488080e+00
1.323634297842037233e+00
8.659997387635988142e-01
1.304179522794018720e+00
1.011882218357287089e+00
8.646904893145672677e-01
1.017312241620611069e+00
1.003193932582265857e+00
9.095939739741518704e-01
1.070384692240578861e+00
1.382904065020960305e+00
1.134002319399765257e+00
8.203424862169742537e-01
9.432029498683215385e-01
1.214168445082954850e+00
1.361127061186858445e+00
8.362651146029541627e-01
1.236145143438198257e+00
1.120866004508080715e+00
1.170797715419843232e+00
1.317079729283231915e+00
1.330085370251739674e+00
9.756086319517413008e-01
9.424506922415287757e-01
1.274197078784716997e+00
1.397660908633976407e+00
1.239376884376665267e+00
1.165048148568496256e+00
1.218783293547580637e+00
1.229783078300327626e+00
1.196559301445721424e+00
1.249126686212357118e+00
8.854296808943797892e-01
1.265972428016423290e+00
1.300483776334303121e+00
1.044469566211019274e+00
1.020017731075818501e+00
1.317289282051873123e+00
1.282254994799352676e+00
1.296006579436341344e+00
1.192540146607738993e+00
1.223989934677211844e+00
1.345661708675647938e+00
8.342156152298287886e-01
9.239145150868773859e-01
1.222918285136469052e+00
1.284674915074699442e+00
1.285538920297733867e+00
1.259806696991890185e+00
1.164262821352289645e+00
1.215073176325659254e+00
1.308386666525862108e+00
1.173832417306504894e+00
1.135438255426824083e+00
1.035685219052642214e+00
8.384412249589104915e-01
9.210852277074583760e-01
8.969967007054897579e-01
8.841504485856400697e-01
1.370318373908021137e+00
1.278790183332771058e+00
8.275797689442339067e-01
8.682131561376924545e-01
1.209851951148319005e+00
1.166255048204241751e+00
1.299989853420326469e+00
1.290590510239559618e+00
8.673360975226471759e-01
1.093783386864445539e+00
9.384618002845909190e-01
1.002694191748455754e+00
9.448465272016417504e-01
1.146860170878308605e+00
1.378272009063076231e+00
1.146617533767498198e+00
1.036686611974116490e+00
1.027905893904392132e+00
1.118183781096300233e+00
9.353197569536373379e-01
8.091817010995940862e-01
1.256405555758092429e+00
1.025137027584243299e+00
9.615162050336969468e-01
1.272920673838582761e+00
8.102838427177688763e-01
9.634672528333079189e-01
9.448999223969760664e-01
8.779052638988323887e-01
1.372651199025986868e+00
1.141159467526413618e+00
1.042829515670452345e+00
1.017219372342145434e+00
9.193045419449282774e-01
1.274755412729228432e+00
1.214595346335571202e+00
1.079778010584532044e+00
9.978056209600399962e-01
1.093770516782151869e+00
1.147334743620072262e+00
1.159132543238194035e+00
1.073078200391325510e+00
1.285691138475463902e+00
8.169282642529427374e-01
1.142622410316749493e+00
1.178247311403216591e+00
1.044525317375737394e+00
9.477892807541372644e-01
1.145796071973653962e+00
1.219469240509976959e+00
1.372781722279304617e+00
1.052485238023848080e+00
9.926472286648777565e-01
1.137358159321333995e+00
1.199209137078196763e+00
1.346554729012104490e+00
8.633743895139890379e-01
1.235343883662699760e+00
8.028735606803000247e-01
1.253215923175577284e+00
1.361781615872756923e+00
1.363570533481481384e+00
9.631696469169745978e-01
8.005573479806498138e-01
1.117028033554642086e+00
1.219995489902353514e+00
8.886111452757267104e-01
1.378567367557110845e+00
8.483623478083626157e-01
9.313588852848944111e-01
9.211523997175357081e-01
1.269436218059498689e+00
1.303619180943592859e+00
1.063223290029222889e+00
8.229331544602951354e-01
1.281685205219091683e+00
1.104767251503715242e+00
1.070956769046785828e+00
1.192510525688637246e+00
1.158726799140097796e+00
9.069738522510725209e-01
1.351049404545183963e+00
1.142144105513514418e+00
1.084263087198329423e+00
9.886391341758591356e-01
1.130952608712441521e+00
8.979479756375634558e-01
9.926148393653372315e-01
1.343225492886838790e+00
9.863279754528559984e-01
8.125364295793010561e-01
9.475644312071997977e-01
1.362084898123680166e+00
1.128919906374064475e+00
9.156886197245357462e-01
8.185689603871268982e-01
1.054708251214979020e+00
8.347771203008409469e-01
1.385203250209071424e+00
8.404523317170758956e-01
1.142193629344426586e+00
9.968681421810824395e-01
1.226100142727733378e+00
1.368395064144651618e+00
1.266418315532175765e+00
1.197485622609842260e+00
1.319438384922341889e+00
1.307454001921886766e+00
1.067187493219198924e+00
1.379175305929243978e+00
1.185771717275849291e+00
9.412763593651853888e-01
1.388334979184776774e+00
8.621427946923760910e-01
1.268141401677664870e+00
1.096457002889632326e+00
9.303591013881469252e-01
8.699402156576032663e-01
