2.656313119765549846e-01
5.686644660624188413e-02
2.263124241070489373e-01
4.844847443462502734e-01
4.428752242844311016e-01
2.746957290175037203e-01
3.378705097565127408e-02
5.760327376668512578e-01
8.723328318307156659e-02
4.005791766652664898e-01
9.447921665354110099e-02
4.745928724338114302e-01
3.839448230325138711e-01
4.503158313040638294e-01
6.209793645667827100e-01
5.424206288939352749e-01
1.460714950541462109e-01
5.796887081176930190e-01
5.442283386108303089e-01
6.028185518468164306e-01
3.605491234459515248e-01
5.856987166676093093e-01
5.833589089890536261e-01
4.455930196802290744e-01
3.672688406055354959e-01
5.923992626744521983e-01
4.776919129047078605e-01
1.813868153361990893e-02
1.448840443995628169e-01
2.721064936687173086e-01
4.638574573736197193e-01
2.420322023983720316e-02
2.436302875118464550e-01
5.931173381832036684e-01
1.542090714452889512e-02
5.150823186713255897e-01
5.593436883527438397e-01
4.318536616356954405e-01
5.040978186714608622e-01
5.334041382388593489e-01
2.796737066454398346e-01
1.897397604273943772e-01
1.790103061410210916e-01
2.126557335177511887e-01
3.686132980193762565e-01
4.044859092825218161e-01
5.464970710347768490e-01
2.025809876374661533e-01
1.068479215292388596e-01
5.918664687764270127e-01
3.784215705430471477e-01
4.567125987327431136e-01
5.491551990815145556e-01
1.502494039112903246e-01
2.548903762107704862e-01
6.953200720445706917e-02
3.238449224222327838e-01
4.827967967508024483e-01
3.398173629915492433e-01
5.383957278580380201e-01
3.140912290458561240e-01
5.130213588839570571e-01
3.790197759283895906e-01
5.112228047058743619e-02
2.320397535767690644e-01
4.970090369479583381e-01
5.012299193215757898e-01
3.810622912934559514e-02
5.507999099708101726e-02
5.788765487986272662e-01
2.609419610922539823e-01
2.512283662529813388e-01
3.471916357780159834e-01
5.376954374265219272e-01
4.732091531355083758e-01
5.691869977620319654e-01
1.218051300515261420e-01
6.131933901369686080e-01
6.219794223475105799e-01
5.297551406308782795e-03
1.505857200754201486e-01
2.496387662460717444e-02
3.242421837135261442e-01
2.086674447332402815e-01
5.319002042249179052e-01
2.267890447765358031e-01
1.550191399919839952e-01
3.873914175338635801e-01
9.732787450166600907e-02
1.431109223570855085e-02
2.112747305176770896e-01
2.404694556911418646e-01
2.708434287563894483e-01
3.618896825318891342e-01
5.514801443905885669e-01
6.001314707889698202e-02
3.513531730110376339e-01
5.863011051202527968e-01
2.473831435170666115e-01
1.539556712080110412e-01
5.997535176444998006e-01
4.228896015577363054e-01
3.265477939660337003e-02
4.109451198450354004e-01
1.279380920966995683e-01
5.983929606974307536e-01
3.120502601204646620e-01
5.128626995094812679e-01
3.222200646665752677e-01
4.963679428856412335e-01
3.829091913882828879e-01
1.521092511566589367e-01
5.807136334687935664e-01
4.668846230147746246e-01
4.731296805711532327e-01
4.957214798327564953e-01
1.118976216810947666e-01
6.192497347145321795e-02
4.719015041064793525e-01
2.653387458158307233e-01
2.303696674209790296e-01
4.503365290663186582e-01
3.529261048952784807e-01
3.272239524931915278e-01
4.244077773863715319e-01
3.719797472520295911e-01
5.638072482965463816e-01
1.287459268093020526e-01
6.293740498080498957e-01
4.571071570300966891e-01
9.230429491492810057e-02
2.503791819526378082e-01
1.102512229171510594e-01
1.120017190577311528e-01
1.538678353203920546e-01
6.485096327655200804e-03
3.665929619508878079e-01
3.015237115702322224e-01
7.005066514078991946e-02
3.235762917191580823e-01
1.432448114254374349e-01
5.604222538819475519e-02
2.524118344912174017e-01
9.291728719161646000e-02
2.866882080542141886e-01
1.467840972014274326e-01
3.990465170583645804e-01
4.363820768991519827e-01
6.548227207444759501e-02
3.453462708818540450e-01
3.626045573617683350e-03
4.206204199652263664e-01
2.776753703009155472e-01
5.907618848344857732e-01
4.720617729055278655e-01
5.915061798106477919e-01
4.625536542751010893e-01
5.386253530762176965e-03
5.046304823745644264e-01
4.462293684950693895e-01
1.749585742571028654e-02
9.669207021286017889e-02
4.162454843284391082e-01
3.145106057044486647e-01
6.245471744732586372e-02
2.514793367149905645e-01
3.594035624353395519e-01
5.011345329250941338e-01
1.014237667649355717e-01
3.941030244074621991e-01
5.301062978367714340e-01
5.651951936219623551e-01
1.922077262064209036e-01
4.194982634025882784e-01
4.362078187003664426e-02
2.914369208899865171e-01
4.012725656392733264e-01
3.475339030763320847e-01
5.213945709933178740e-01
2.286850682313885663e-01
4.147354006336281262e-01
1.750299410846875570e-01
2.327393468283340261e-01
2.917821448138325224e-01
3.662414846209944841e-01
5.645754996132671399e-01
2.964867618602238034e-02
2.588097579706263862e-01
5.374759059873635003e-01
1.376964553455649332e-01
1.881300552432582929e-01
3.715461948707311501e-01
3.804238496800658731e-01
3.152063619771511283e-01
4.494456441869799090e-01
5.745220537391613203e-01
6.579418007733713047e-02
1.026181597792931097e-02
2.344260725447287197e-01
4.191360103409731974e-01
3.809072282714723867e-01
5.723222430902263902e-01
6.241815269198808247e-01
5.395012695624569199e-01
4.415381425824148609e-01
3.165182632650145184e-02
5.744676335596712313e-01
4.167511978848761206e-02
5.846521750556440411e-01
3.993928175008971126e-01
2.766815427441474736e-03
1.670397649622297476e-01
3.883527999599827307e-01
1.673806569345489825e-01
1.634787093838880601e-01
5.594327489053064761e-01
1.229461999368105379e-01
3.585395829166644621e-02
3.199092478374899184e-01
2.282722945732133246e-01
3.344845780566967908e-01
5.902343610540587010e-02
6.182001667596740413e-01
6.091421270191794690e-01
5.467299490192734090e-01
2.253389848681822960e-01
4.047231277986735876e-01
9.028351800734600585e-02
1.402897138362872720e-01
2.999354350022230831e-01
4.278218851717504601e-01
4.653734691403500490e-01
4.465873131086112169e-01
4.451600483032426836e-01
2.635757933214140647e-01
5.633744054757018338e-01
2.211212732495444755e-02
2.216350007898001614e-02
1.761366203970904931e-01
2.681095750488985963e-01
1.661806343286410526e-01
2.484122034155826775e-01
5.353097203859625841e-01
1.450577415476958509e-01
5.098519310959481743e-01
1.576098673760325530e-01
1.793219157881436598e-01
6.599852838180204906e-02
1.278459132492175583e-02
5.508637356372871052e-02
3.467538861975146269e-01
5.804992517816744968e-01
2.343220127015863408e-01
1.977352713964072306e-01
1.441875975765267992e-01
1.092701226013819138e-01
1.696069995749913961e-01
6.239971603878397000e-01
1.956403394929829287e-01
1.320590595900602571e-01
3.404856852405409584e-01
4.511517503687957342e-01
2.688417477134458222e-01
1.525632738244322717e-01
4.114374771008252885e-01
1.972566927091763331e-02
2.286326671549265138e-02
5.512188441322549703e-01
2.075282776921970607e-01
3.874367756904800730e-02
2.585003696229833392e-01
2.111664154525670078e-01
1.965278457654966449e-01
2.943105609280765589e-01
1.307451910594905342e-01
4.029760010496485911e-02
1.971312073106505636e-01
2.277156160560895870e-01
4.993246517304172349e-01
3.296396711185055062e-01
4.294080818260353344e-02
3.451670012924807351e-01
5.005845311197952840e-01
3.662857748602109109e-01
7.988492913344484581e-02
1.650268829039370361e-02
2.424814033326091745e-01
2.969693726347973906e-01
2.649061206377452127e-01
5.594757050152338040e-01
2.406150182404313831e-01
6.002560770311158450e-02
4.986456410521426970e-03
4.216958444957574215e-01
3.213487350859570157e-01
1.210104610191722278e-03
3.733074826071877683e-01
3.217961603800174042e-01
5.021518192435215910e-01
5.505137880419231911e-01
3.675482085468231297e-01
4.353767066736339252e-03
3.847650211634031647e-01
8.249903262892342715e-02
4.014441819079705431e-01
2.331576944412765973e-01
1.413554801862837995e-01
1.112327599142800966e-01
6.015823662232925445e-02
4.036899141430340676e-01
3.468808468772195397e-01
5.659482368335749802e-01
1.287826316333821886e-01
4.452917976265025612e-01
2.159093885885290387e-01
3.596754768721473483e-01
9.709885927704825503e-02
2.573840681441948441e-01
2.226262901782458392e-01
3.881514956939804972e-01
2.544258853507985058e-02
2.147600283777219565e-01
1.763977952231784302e-02
5.495536346370827330e-01
5.641648417392371162e-02
3.625450084438142651e-01
1.495281331714624073e-01
1.027704029080738768e-01
5.135957490560357774e-01
6.121512963653255035e-01
5.552169731947667053e-01
4.267020490260862164e-01
1.534234740843405942e-01
2.756894729460046545e-01
4.232085618879427580e-01
3.549802689115604815e-01
3.090488637208619327e-01
3.866076050546299880e-01
2.087368017340877901e-02
1.512231063121819152e-01
5.829911456269351033e-01
9.782220902861517645e-03
5.293270519350594672e-01
1.157385257268498668e-01
3.772310710142215417e-01
2.845455730380511694e-01
3.151874198232442748e-01
2.085579456585453517e-01
5.409009087983179809e-01
5.455863818071957638e-01
2.336353403411760288e-01
1.385517539869470238e-01
5.814750863328588260e-01
2.226478521717616121e-01
4.491255426392133931e-01
6.162119380410689962e-01
4.523523153305714639e-01
5.053559209487008541e-01
1.716369984652260303e-02
2.514323053261913188e-02
8.326675457970268701e-02
1.094926711821629511e-01
5.796172091215254785e-01
1.666245283299374047e-01
4.162232526434063162e-01
1.074495250866046858e-01
1.084202033421587386e-01
1.096571112890398353e-01
4.817151894989218364e-01
2.134833535480522293e-01
3.719257337815487507e-01
2.512603692102639563e-01
5.847135417008685748e-02
2.911248476655977080e-01
3.804661394675082353e-01
2.361872217711019073e-01
3.463651947714108670e-01
2.609185557132562283e-01
5.366453963676344197e-01
5.065380132577758099e-01
2.929176713830222711e-03
2.058039243437062016e-01
3.166672111007525769e-01
6.343098562582992483e-03
6.804376715062299130e-02
9.052014664719217063e-02
3.932027920923583664e-01
6.003991497434532087e-01
3.640335202384848423e-01
4.958050586144957528e-01
4.805264599392451430e-01
2.910148230242568523e-01
5.016256406194772310e-01
3.027050309434655695e-01
7.922276171915397514e-02
1.540815021834267551e-01
3.032810479955873051e-01
4.739863821767308361e-01
2.056811098445295860e-01
4.426193232040117054e-01
4.114922250445626067e-02
1.385282939016978521e-01
3.124315142765622388e-01
3.529243799756417999e-01
3.690069497772591744e-01
4.338512066903271736e-01
2.678854604403219097e-01
1.002004186186967877e-01
5.570210148913325998e-01
2.227806966641943387e-01
5.976726008706289006e-01
1.666185582825954192e-01
2.126279144824535505e-01
4.867080903332651198e-01
3.842329976064481900e-01
5.240915962273802187e-01
4.794488969443696513e-01
4.246269230210753531e-01
3.723022793497983152e-01
4.915446561432504913e-01
5.024743542300075250e-01
1.606417529659716625e-01
5.142544858797394314e-01
3.462238225124850133e-01
1.175659980994002707e-01
5.056591711816180723e-01
3.665992348293923286e-01
4.235624616929438147e-01
1.618587500759214315e-01
3.163681214752374349e-02
6.176527905549171749e-01
1.371518667581330120e-01
5.723981701195361982e-01
5.472718626807660663e-02
2.611068914983191158e-01
1.635728431242700620e-01
1.844620476083655980e-01
5.323506004489388932e-01
2.513225523355730462e-01
8.657594150074840456e-02
1.304785270558539156e-01
1.805800654809854300e-01
5.706930119776280896e-02
2.919473840447944224e-01
1.150217894388365358e-01
1.934656262221357836e-01
5.824381597380287046e-01
3.285216462813325689e-01
3.103419517287289153e-01
1.547497329481439853e-03
2.209366104113874574e-01
1.211314733274427152e-01
2.303651107643748253e-01
5.357700338324491440e-01
4.713975129977835549e-02
3.783543964529068604e-01
2.445654108376999480e-01
2.846604976013179522e-01
1.664117824811083002e-01
4.065076734664814229e-01
1.602925741136849436e-01
2.625288345560506387e-01
4.533962311796762568e-01
2.266652841705384391e-01
1.178698160487896829e-01
5.074199602991894542e-01
6.034688613809434665e-01
1.592121333331233957e-01
2.331447715602313897e-01
5.914624054552222177e-01
1.319044927839837789e-01
5.288955256670361260e-01
3.432093898122716147e-01
2.940118828656804739e-01
2.890440658094673432e-01
5.285170948402970748e-01
9.266515008166957557e-02
1.170929462006310533e-02
3.682231705098251706e-01
2.944403972775319622e-01
5.848150027215391900e-01
1.529297701119740338e-01
4.726552507236209677e-01
5.581793156042940546e-02
2.788349165861200296e-01
4.423811482139995976e-01
2.502462624798646451e-01
2.875441712500570457e-01
4.044623549340267132e-01
9.855256622930921862e-02
5.161829293788741113e-01
1.215344081088266630e-02
3.907296126116626689e-01
1.216206578666162857e-01
5.942672786562548382e-01
4.905630300291990431e-01
2.170303897573806762e-01
4.157629271519301950e-01
5.985130213732510196e-01
1.138496517691145286e-02
5.028604011035762156e-01
3.946183480046043524e-02
2.762569559424012389e-01
4.595354587629698062e-01
2.132034648810078870e-01
1.397614123806018849e-01
3.990821269050847664e-01
1.099625332375334524e-01
4.363022516026732189e-01
3.503395712713652799e-01
5.882011595324017073e-01
4.333856797156116492e-01
2.541709037835435669e-01
2.579282816606498496e-01
3.317056771287562600e-01
1.058782926925535411e-01
1.218643281841241960e-01
6.283763548012518685e-01
4.417986393436793002e-01
2.966815663371086820e-01
4.851630996148594277e-01
4.133108890815262448e-01
2.986611894566824632e-01
4.124071339923577884e-01
1.922589209164618160e-02
5.925312114066699776e-01
3.914646302586242133e-01
3.352106138458972318e-01
6.165117908471751118e-01
1.061628909981920769e-02
2.009282188719730688e-01
3.337878557752302355e-01
6.286900032783999670e-01
4.951048422066064991e-01
6.202018336371029061e-01
3.147521624258418083e-01
6.515085864009007022e-02
3.024969678726538991e-01
2.640865689341963252e-02
4.413605710745157618e-01
4.850586207354413704e-01
2.638492426120294110e-01
3.120266887674722489e-01
4.866512658438958416e-01
3.553292387593412482e-01
4.893504326424959472e-01
1.342288756985295928e-01
4.466013880390599933e-02
4.891021511932605592e-01
2.750904393077064358e-01
5.033910434917283627e-01
4.922024683040044368e-01
5.103147876585042431e-01
4.917123025252719826e-01
5.981466397661039380e-01
3.677494485369669497e-01
2.270480940794872837e-01
2.756980210342003246e-01
4.881952697377546224e-01
2.239036856633824235e-01
4.876868788991647191e-02
1.180695359402084282e-01
3.623020286085085195e-01
2.752371704090792459e-01
2.711142594246775395e-01
1.676052213291966686e-01
2.655115987129139099e-01
1.828548862399633768e-01
2.083270275812151573e-01
3.573532325642290730e-01
5.560679739391408694e-01
2.428400788244339525e-01
6.068185307985203281e-01
2.239304077445220253e-01
4.021445800700332862e-01
1.752790612532807990e-01
2.466619590406566587e-01
5.474892215233653214e-01
5.179864936005176279e-01
8.317394482409997888e-03
1.907980754465987416e-01
1.398177313815214540e-01
4.584385527306972241e-01
3.416234229723602578e-02
6.057924819713951248e-01
5.361514752426731895e-02
4.080764558828551269e-01
4.849505613516284508e-01
3.258055349798515410e-01
5.717946424811652939e-01
6.806140541155469847e-02
9.827191075541823195e-02
5.047357582708162926e-01
3.200784373394766069e-01
3.656938120892098965e-02
5.756958162452987526e-01
2.014857548103467511e-01
2.971640014047878808e-01
3.115853313569965088e-01
4.017815378886248068e-01
2.146048477186273673e-01
6.213701464811427488e-01
3.333763978036164422e-01
4.772911509967034949e-01
7.028860203543199625e-02
2.771587035954329870e-01
4.591012461431557279e-01
9.722323511141373054e-02
5.459272162609194456e-01
5.084703281745119874e-01
4.125926622980418679e-01
2.840854747466401986e-01
3.423782493452074971e-01
5.704512314133625139e-01
6.283300257873405403e-01
4.090916893927675213e-01
2.644704880298058280e-01
1.867369058573224994e-01
6.137673071841974748e-01
8.176193212186641524e-02
5.943943794249260115e-01
5.350298428319167493e-02
1.791918063843410680e-01
2.311279337810133172e-01
5.438167429488444810e-02
2.175097097999411644e-01
5.380660631071194633e-01
2.244077432113361914e-01
3.990136758512485282e-01
3.575072660929382584e-01
3.258939834696081284e-02
1.677369358152694390e-01
2.597102652105164888e-01
3.238883810538180641e-01
6.067477387957016521e-01
5.407960905769444437e-01
4.454871833402683223e-01
4.002685938473220760e-03
4.661341558065033863e-02
1.865062314834058932e-01
5.469305470283459397e-02
3.464060776661870289e-01
4.103662121552027475e-01
4.865116776975398349e-01
1.151880375126887804e-02
2.558368998210588940e-01
4.303325407358761234e-01
1.144885916603102377e-01
2.175568807624331524e-01
8.200060049612317714e-02
2.755509109093747799e-01
2.073936877687820590e-01
2.606976987156284786e-01
6.910055538381554285e-02
4.652872184440746683e-01
4.911356064490997320e-02
2.728574501765651528e-01
1.997948936920709573e-01
1.242145811392711824e-01
5.649740527401488771e-02
3.758053656187461677e-01
4.702301755413428319e-01
3.573253332295156515e-01
5.725436296868865460e-01
2.504977653908856960e-01
2.908695975373082887e-01
5.642854618232427955e-01
5.276392501195749096e-01
6.948095109912780232e-02
3.957780746205882827e-01
5.379668725831248111e-01
5.431419689379066856e-02
5.241074248527844981e-01
4.255648205911760629e-01
1.209972739116188939e-01
5.260281948978932087e-01
1.390865579149667131e-01
4.665201556554264828e-01
2.902824152396181190e-01
5.896195387404606914e-01
1.191373542308634126e-01
5.604992098439860460e-01
5.125411486178432785e-01
2.518933359723772858e-01
1.125179205260591897e-01
5.765927802099323207e-01
3.401149935220381670e-01
1.116211055447089706e-01
2.900741555183092846e-01
7.276963002413691650e-02
4.218995001513973220e-01
1.340733043892416709e-01
1.672746988479756614e-01
3.329851132896599619e-01
2.812848153759546221e-01
1.863015707936469256e-01
4.587432095606220894e-01
4.487377754833324905e-01
3.259779948457915411e-01
6.595965932435499113e-02
3.193181619565785834e-01
4.724465172807663094e-01
5.654744444455518382e-01
6.109327011838072696e-01
1.004438713631412294e-01
4.898382229599386739e-01
5.178209603184958931e-01
2.078999612926381302e-01
5.281409165139994144e-01
1.345794015883006456e-01
1.619350870663247011e-01
4.053614961307901998e-01
2.696008077696134334e-02
5.118172941995846603e-01
5.299005773023685723e-02
2.917732805224444448e-01
2.933468539618632187e-01
5.023869453016444053e-01
5.504476214949843849e-01
6.284329367329929972e-02
1.412632859268126706e-01
5.463279889437651082e-01
1.351086622663516257e-01
3.942183344828433800e-01
5.011103044154873176e-01
3.734469668878264703e-01
5.994336452630368850e-01
3.970399254262561572e-01
3.474127121155680120e-01
1.416545961297450418e-01
4.623475380275844371e-01
2.257600299847745406e-01
5.354076292994593977e-01
3.763738187340196495e-01
4.488956919898562936e-01
1.511365921281570268e-01
2.888249404072174564e-01
3.552584836416233238e-01
1.511900018451216021e-01
3.523282455441027472e-01
2.884745764545302849e-01
5.408579366870582827e-01
2.891344103858399864e-02
4.542959347792427383e-01
4.266950326326136023e-01
5.782997889989954787e-01
4.697980886171891912e-01
3.607752221547780302e-01
4.340247741565838591e-01
5.130995221717042920e-01
5.279139165006764278e-01
5.777287373216760669e-01
5.093264873559238959e-02
1.564217365352947586e-01
5.027979223798728636e-01
4.888927385199689502e-01
1.894177659356432730e-01
1.974724799721260804e-01
6.259772733135289258e-01
2.343822041335776873e-01
1.127831054289402252e-01
1.614395923254254850e-01
5.005826537968822709e-01
5.040637334596034108e-02
1.500556425407680201e-02
6.190297992798851068e-01
3.036106308637818718e-01
1.033351941195259594e-03
3.315294169875646069e-01
2.207393796929373320e-01
5.857052325497558165e-01
2.235590236151646926e-01
1.328550697648337442e-01
4.250646908066388341e-01
4.056531187185005716e-01
3.007716652767805088e-01
2.547430768059728012e-01
4.534060102576976670e-01
2.859401782309550430e-02
2.723160095417501148e-01
1.704764834981088162e-01
1.420502327374316420e-01
4.760503074987061378e-01
5.619137608216691337e-02
2.819485136108661472e-01
3.694206575288316863e-01
2.744176898888250893e-01
5.188679301672577404e-01
3.836905660232127202e-01
2.780065342611522938e-01
2.815808126654186783e-01
1.156222963519732277e-01
2.827488474985204725e-01
4.168946018814803645e-01
3.813430932788807182e-01
4.879422980150688316e-01
3.618256627032527817e-01
3.458467315948290932e-01
5.082464655738021531e-01
2.369737431370439740e-01
4.093172799474142226e-02
5.810042846774239322e-01
5.424781047126562283e-01
4.657291206091917490e-01
2.519654761454747510e-02
5.693607648241240105e-01
1.870458210974620950e-01
3.851383607489641814e-01
4.242058407375183526e-02
6.227384150979635713e-01
3.169971667856504305e-01
3.354694434298892136e-01
3.353350791408334364e-01
4.323614553680735217e-02
4.715212664745724869e-01
2.077884602292447702e-01
4.933096117150062021e-01
5.327483533506338631e-01
5.705371168194687259e-01
3.404683013458431606e-01
4.010425911791797304e-01
5.217405835744604037e-01
4.353534673644377517e-01
5.235126539141367052e-01
3.419188744724804829e-01
6.411892396994092747e-02
9.178978429079709400e-02
1.690002487994184122e-01
1.602763342236520894e-01
3.838851521150339896e-01
1.892716195039631233e-01
3.066482016243367026e-01
3.789101741668526868e-01
3.455151843362781056e-02
2.009195137508754947e-01
3.221547286359449885e-04
4.244055247922896013e-01
2.548447924718050261e-01
4.690367561810024899e-01
6.700385764755434348e-02
3.348420204181144499e-01
3.443149587886754071e-02
4.720192475373923280e-01
4.870725119166783301e-01
4.053541800529699146e-01
2.635380174742493753e-01
1.069244598380731659e-01
3.087063970347833086e-01
5.036773695278312646e-01
5.440018811379394581e-01
3.428671545036121593e-01
6.151129172887968011e-01
1.578594648115008159e-01
1.984705821327708841e-01
1.474589569475097395e-01
5.897094241480834720e-01
1.855710925414544576e-01
5.235253918070391643e-01
1.495041492225645807e-01
2.503079675898843282e-01
1.614441373690674308e-01
3.661326815009910418e-01
5.784958931714249131e-01
1.562410183001775865e-01
1.067806024081394134e-01
3.104558496628660458e-01
7.093998893718796162e-02
5.657007097018121877e-01
9.164740146618882699e-02
1.380233738488252093e-01
1.421220315930493416e-01
2.980434704402610824e-01
3.552534525031528778e-01
5.349064151856824934e-01
4.440067365732385807e-01
1.625913432528035274e-01
4.444136133611769623e-01
1.458423360578844641e-01
1.241365674851651058e-01
3.961942509128546508e-01
2.208751035438150101e-01
4.957403888921649848e-01
3.466762158390598869e-01
8.825038753748558340e-02
4.692613157749452313e-01
6.082962163119546295e-01
1.531572295170881559e-01
3.340353543734811415e-01
1.131981073811914457e-01
2.335661488385335216e-01
1.012911084509185294e-01
4.442671138718343182e-01
8.445598848655391788e-02
1.486378777455482358e-01
4.128229820608964595e-01
4.258984058269710826e-01
3.041946938509330067e-01
5.067951803732562155e-01
5.320081276252529578e-01
3.916882661960484624e-01
2.017532750771645067e-01
1.286088108235424188e-01
2.684306633926460406e-01
3.720856288255653399e-01
2.958156051244053564e-01
9.798622126033858584e-03
3.341724686344435535e-01
5.011268091594903717e-01
3.550223492977735429e-01
9.280325461117712449e-02
5.572191011784281001e-01
3.637926614707779893e-01
2.429742015868693525e-02
3.315825517800583544e-01
6.151536433877536902e-01
1.184201184478759494e-01
1.880947770701783262e-01
2.597920777358980193e-01
5.315938310814312395e-02
2.617878573691703389e-02
5.270834352118368704e-01
2.913541278545183077e-01
1.786689079644626643e-01
4.187005110745594116e-01
2.655981632180236529e-01
4.617971730560207488e-01
2.391516046458911915e-01
4.648256587626508063e-01
3.865544096706192145e-01
6.737531939465284114e-02
3.825659000688151345e-01
1.847901457587538543e-01
3.614055235030037005e-01
1.024163867557713187e-01
2.266756165013068813e-01
4.368281381230522120e-01
2.984561615332513296e-01
4.461930444966135667e-01
1.894973708709733473e-01
3.554613265558843604e-01
1.919652971347095005e-01
3.710160044118480660e-01
5.169416838981283346e-01
3.614209637663669261e-02
2.981648135274476141e-01
2.134700193983382344e-01
5.421539089254822086e-01
2.413985785063366418e-01
3.835627664616048094e-01
4.358691543684575231e-01
5.306494673640312909e-01
4.144938918419989737e-01
3.981229371315622712e-01
5.990353292877295122e-01
5.645186832905324525e-01
2.254591857566475843e-01
1.922476099774933847e-02
1.594176486329447820e-02
2.397514716159713788e-01
2.641203732706293716e-01
1.246700543219376178e-01
4.524511267743241277e-02
2.269858823485857990e-01
5.471658210397936095e-01
3.346132305702002596e-01
2.373607472902938553e-01
3.137678780759552977e-01
8.846687624345862810e-02
3.337772092736767116e-01
9.674242017849458974e-02
7.228319948132578068e-03
5.439401947667961146e-01
2.366925504945424363e-01
3.531781513117394633e-01
1.131192823220866367e-01
4.564012804665011358e-01
6.235609770019464593e-01
1.120186574991866302e-01
4.479104197143627952e-01
5.947609796963760909e-01
8.231880904848258573e-02
3.419477537864502176e-02
5.754386910190738558e-01
7.822730045857027859e-02
3.448203133939024001e-01
2.433113558610951743e-01
6.243987771399762687e-01
4.451054906734331351e-01
6.167568612527116745e-01
2.077875536168665438e-01
4.821104455311894799e-01
3.613967127853543460e-01
2.968780193362229869e-01
5.546839617590186844e-01
6.170810241836095500e-01
3.855051524272649077e-01
5.318787746053398324e-01
3.378736186127355712e-01
6.049260624467828196e-01
3.378238098410398238e-01
