7.214164790305983843e-02
7.995452687018851645e-02
8.534185591076096089e-02
9.199456141494627426e-02
9.645704340808305965e-02
9.843204092711912989e-02
1.012334309968165730e-01
1.092280726191002804e-01
1.111561231933363703e-01
1.202855302665125636e-01
1.227784104204359822e-01
1.238858775825613656e-01
1.247119124013160579e-01
1.306067709151982614e-01
1.316505345545436190e-01
1.318381015972022730e-01
1.390687846458868449e-01
1.432836994753898530e-01
1.437915768494190671e-01
1.492351680198157338e-01
1.506888324440792126e-01
1.539094432635571830e-01
1.564451778136913829e-01
1.586784965960518767e-01
1.616808753721946379e-01
1.627608382308317059e-01
1.649599501161437276e-01
1.674987779843928049e-01
1.694147222103654371e-01
1.700326459750199914e-01
1.711416179499963275e-01
1.712554908478220728e-01
1.724116498820803256e-01
1.731150909407299654e-01
1.738588780131465616e-01
1.741511475106273243e-01
1.759485682729471645e-01
1.823719925554301569e-01
1.830308265375033827e-01
1.831062592976031578e-01
1.840835952574522705e-01
1.869485367914097695e-01
1.879158438119737096e-01
1.919260138139065874e-01
1.940988274251753964e-01
1.956841284623006549e-01
1.970444135640012362e-01
1.983163211996861741e-01
1.985524528197319394e-01
2.000764593376566924e-01
2.019360924781373190e-01
2.023076770254186585e-01
2.061037033144610398e-01
2.080602650751156579e-01
2.085586783749827644e-01
2.124989816189887526e-01
2.127045113754671424e-01
2.128951935852454735e-01
2.140787975902125329e-01
2.141836394271532940e-01
2.180854350715611401e-01
2.201850382701299180e-01
2.207408306006859444e-01
2.207821315248492955e-01
2.214301913018932311e-01
2.214926156809541302e-01
2.222464149397392619e-01
2.225826713778890076e-01
2.238188620914171589e-01
2.247303356084257853e-01
2.249330243997721412e-01
2.256871714912141169e-01
2.273782838098627745e-01
2.326200635334968458e-01
2.329173571290144018e-01
2.333195033322915113e-01
2.350108419691379069e-01
2.352019610737092203e-01
2.356446538095210430e-01
2.360972280251218136e-01
2.365404761381784404e-01
2.367556799839924953e-01
2.385509647820859003e-01
2.386252519764776314e-01
2.420379837992317762e-01
2.433667584841780751e-01
2.437593636240542039e-01
2.451451070221850881e-01
2.452482818207695758e-01
2.459468462862885452e-01
2.464878783016014596e-01
2.501145589587529527e-01
2.502927451441654405e-01
2.504314032032569637e-01
2.527668271190459115e-01
2.527692312942372288e-01
2.538320186633292175e-01
2.542937402845196759e-01
2.548245466419195582e-01
2.558860559702014759e-01
2.576161165024367650e-01
2.585544979842283597e-01
2.586648074774549055e-01
2.588341013892601072e-01
2.613331270730865907e-01
2.624948847656204398e-01
2.626863194937086865e-01
2.631312458375301144e-01
2.634008277883087557e-01
2.642666073470170129e-01
2.652692581475435407e-01
2.655223888614588468e-01
2.655703266699726561e-01
2.687538234155322225e-01
2.703643658497888458e-01
2.706826374064652541e-01
2.717219337042221516e-01
2.733027227378113655e-01
2.735489543013533420e-01
2.740953338405257012e-01
2.748841189508700600e-01
2.753562288996896368e-01
2.754122429352283685e-01
2.754499580627952082e-01
2.775843589634899855e-01
2.810651079106192274e-01
2.814655723761738670e-01
2.824209894914546659e-01
2.828582910160346020e-01
2.831497744133948391e-01
2.834174565624467679e-01
2.836364515246485585e-01
2.837187372774668814e-01
2.842931199264764341e-01
2.843867158426438557e-01
2.845730136294886137e-01
2.855676154121203902e-01
2.858217287993520261e-01
2.883007007983543479e-01
2.887748896522500108e-01
2.894817205879512412e-01
2.894988635620410200e-01
2.895366691658239344e-01
2.920624370498258182e-01
2.925401010846965244e-01
2.932987883937317464e-01
2.933334269677604356e-01
2.935262405394349905e-01
2.942070054308900673e-01
2.946679263810952909e-01
2.950904890141704540e-01
2.957118885361260108e-01
2.982441245922188289e-01
2.984197952521667752e-01
3.003757092601782586e-01
3.006759145713551740e-01
3.020574633029084466e-01
3.022239165647195303e-01
3.040942684833106702e-01
3.045070865711088093e-01
3.047683487692708915e-01
3.055112217717196321e-01
3.073701073169112785e-01
3.086673963496406325e-01
3.098598741930988498e-01
3.104205290515633653e-01
3.107009093258140675e-01
3.110287162768025082e-01
3.114827589047883261e-01
3.120609683706202508e-01
3.121760765641458102e-01
3.125704501363942844e-01
3.132177799307789834e-01
3.134850622460582659e-01
3.140467039539493466e-01
3.147352248197925473e-01
3.151258699752477188e-01
3.153131097233734526e-01
3.153463328230298179e-01
3.160852185047500207e-01
3.171758231898562097e-01
3.175454101287159547e-01
3.179752352098970114e-01
3.183580253288386119e-01
3.188455896536611656e-01
3.203751043218921457e-01
3.209474085200925142e-01
3.219036905660504488e-01
3.219548220714943954e-01
3.220270969136851402e-01
3.236387952375912036e-01
3.242219012059542882e-01
3.242720489820731244e-01
3.245441567169863872e-01
3.255022402938584913e-01
3.261079967716044026e-01
3.283464215306597933e-01
3.293006044106239760e-01
3.317339403781266460e-01
3.323105884021921863e-01
3.335690379389072979e-01
3.343737875600656939e-01
3.350382577196372447e-01
3.358465162810538862e-01
3.362565869162810750e-01
3.369410751117662972e-01
3.384721587246553587e-01
3.387174623611832192e-01
3.408440249898624930e-01
3.412883166318911865e-01
3.412914803156407717e-01
3.413707772443654309e-01
3.419517524779752682e-01
3.421016302810564458e-01
3.421652829241442761e-01
3.422398551389852495e-01
3.424429355738048408e-01
3.424581406925656379e-01
3.435131165164557743e-01
3.442536719088628572e-01
3.452055232350028091e-01
3.454972389504574193e-01
3.461168894223207726e-01
3.462231249503714969e-01
3.463753514320649374e-01
3.464178531646188164e-01
3.467851244155125134e-01
3.470058921047906031e-01
3.470630624415421694e-01
3.473575935723196006e-01
3.474867511257234143e-01
3.475145628071071302e-01
3.476507897726913709e-01
3.477654444700287728e-01
3.480825560122155493e-01
3.481303256950448177e-01
3.487078312708595806e-01
3.492533909923118407e-01
3.495779540246184425e-01
3.496281114466618378e-01
3.505730999010283067e-01
3.509732044306552723e-01
3.518531918542155412e-01
3.526397257752440506e-01
3.527573940178874157e-01
3.552600136206410797e-01
3.556625106165671735e-01
3.559745324362793006e-01
3.562476722050580413e-01
3.565083549857304135e-01
3.567317982371718266e-01
3.575004714023490293e-01
3.584391369277089012e-01
3.595800914573010210e-01
3.601848652109810311e-01
3.617751724320859563e-01
3.619161667912265123e-01
3.620041712103236886e-01
3.625566777826196851e-01
3.643361777220631703e-01
3.644366118278844491e-01
3.646801543182609517e-01
3.650959880737514318e-01
3.663792112189306338e-01
3.665064737106699111e-01
3.671441968891527297e-01
3.676014315146738931e-01
3.680207482074148162e-01
3.683423827352160229e-01
3.688361136576883137e-01
3.691624355380734301e-01
3.692936222322275031e-01
3.706465035959162213e-01
3.707126548225186946e-01
3.713050612214227608e-01
3.746069003935060815e-01
3.750395701199913390e-01
3.754894904336776307e-01
3.764898392188970044e-01
3.778097443264384347e-01
3.780442593578715593e-01
3.784497823417237727e-01
3.800271675365827218e-01
3.809955176595124504e-01
3.810672928960648354e-01
3.812081938166963502e-01
3.828017334329555932e-01
3.836129707728746507e-01
3.841888827984501487e-01
3.842417145716847116e-01
3.846986672692170317e-01
3.854339627085117126e-01
3.856160253082159262e-01
3.858829928242485940e-01
3.862193041673457894e-01
3.863516585337151144e-01
3.865599945044443930e-01
3.869044093823875707e-01
3.897877291005927836e-01
3.910635338930273930e-01
3.911610492700013930e-01
3.912109007904640556e-01
3.913944823460150380e-01
3.925126360214911680e-01
3.930355041177652220e-01
3.932010149664394438e-01
3.940310539152365177e-01
3.943092266725394257e-01
3.943971817731901641e-01
3.944900836462312821e-01
3.949073013157496925e-01
3.954447677773477721e-01
3.955703781536959451e-01
3.959446324090935554e-01
3.964450456914350718e-01
3.971115589047129468e-01
3.973406820986173371e-01
3.984603277938641996e-01
3.989265093828082698e-01
3.995270642296251395e-01
3.996430151918075047e-01
4.005099548030957024e-01
4.008788930376264159e-01
4.008798513348441062e-01
4.009063445505681722e-01
4.010631132984829872e-01
4.033115292598408175e-01
4.036124819533173369e-01
4.039204160142078059e-01
4.042743234017580067e-01
4.046551821022769668e-01
4.047678377519443038e-01
4.050498661900059916e-01
4.052713669165109445e-01
4.057412198832208161e-01
4.058177486541350576e-01
4.066492387089888361e-01
4.071494938840015121e-01
4.073096993275749367e-01
4.073446783980926855e-01
4.074239103946452611e-01
4.074703599534758025e-01
4.078172954256224503e-01
4.081662561715939108e-01
4.083030269373500443e-01
4.097739759720580022e-01
4.102998772399364391e-01
4.117036697191744921e-01
4.118029958665063717e-01
4.127813933164746762e-01
4.133449135304665401e-01
4.140948274212303826e-01
4.140965474699915272e-01
4.149940967049117191e-01
4.153253387897157811e-01
4.153392428148431348e-01
4.153533924643254549e-01
4.156148959025582901e-01
4.163702709942882496e-01
4.163982972805144733e-01
4.167261892757418429e-01
4.177510008389522245e-01
4.187764883894478651e-01
4.189372365173590906e-01
4.189443804515802228e-01
4.195294203239236519e-01
4.201961148966308901e-01
4.204907561134950678e-01
4.207805790967256154e-01
4.210741572028414703e-01
4.210977522471482382e-01
4.215723906653300879e-01
4.216151127865650494e-01
4.223223739694519363e-01
4.234816742165430359e-01
4.237331788298980273e-01
4.240623551507165523e-01
4.240751778639682001e-01
4.245227309909207492e-01
4.248497787838898532e-01
4.250094355576026217e-01
4.251693894176662436e-01
4.254092569585286032e-01
4.255606970258956623e-01
4.256226727165500212e-01
4.263355657215883165e-01
4.268273015520003821e-01
4.273899545895866181e-01
4.274298883958438378e-01
4.280264202872126056e-01
4.290957584601868824e-01
4.301544724027137057e-01
4.302355339786065880e-01
4.308469213142851473e-01
4.312825545632692492e-01
4.318681819772272612e-01
4.323527989396679927e-01
4.324294419396244038e-01
4.325419846157481651e-01
4.328059794973703744e-01
4.335283963637160953e-01
4.341446746133403867e-01
4.342402526307962418e-01
4.343835808766731699e-01
4.346660505210625525e-01
4.355137439801342047e-01
4.367031660173298357e-01
4.394201311458002523e-01
4.395695777773976354e-01
4.399936817297872560e-01
4.400856911474054778e-01
4.408005952187089571e-01
4.409246667330901093e-01
4.411892974080833252e-01
4.414928877325278722e-01
4.416316751816025676e-01
4.421784536176021629e-01
4.422625012805602163e-01
4.427704355908080314e-01
4.432466713779539824e-01
4.434287546004468394e-01
4.436018786453071461e-01
4.445618445623832904e-01
4.451986187895682345e-01
4.454363966749652071e-01
4.455155550206221227e-01
4.458287231062046385e-01
4.458291081841405101e-01
4.460467434313886148e-01
4.481253352001003942e-01
4.482605452367577903e-01
4.487135194380718062e-01
4.496992885517594463e-01
4.498644444295274436e-01
4.507176458654303941e-01
4.507878398220557248e-01
4.508750119629701403e-01
4.510982264916679751e-01
4.513041155265766768e-01
4.517760882571015268e-01
4.523687657355479619e-01
4.527003208439310811e-01
4.536289045249718432e-01
4.538180257168477061e-01
4.544106716456842165e-01
4.546229886936804521e-01
4.547573294043450454e-01
4.555400024844424856e-01
4.557956635560230785e-01
4.560269380306226084e-01
4.564008755713215293e-01
4.564736986591087509e-01
4.568543880653060940e-01
4.570428994165193215e-01
4.572023555544647566e-01
4.574175818453610209e-01
4.584932955936533161e-01
4.589330294938685495e-01
4.589693513426159610e-01
4.593175581232043503e-01
4.597062697638499840e-01
4.598378038254933298e-01
4.606492080691771962e-01
4.607242958737068905e-01
4.609210588821865962e-01
4.609290962479807297e-01
4.612234112156168298e-01
4.623961535897737063e-01
4.625287771063397169e-01
4.627122633429671117e-01
4.627514335220173081e-01
4.637426908114202773e-01
4.637436377174079527e-01
4.641173505063967974e-01
4.643083031940130057e-01
4.650079823313207905e-01
4.651085701532177707e-01
4.653974849937767555e-01
4.658586306018712708e-01
4.672327031514170170e-01
4.675721181020485173e-01
4.677455496475584340e-01
4.677560566640429629e-01
4.678852608171777394e-01
4.687421827317618805e-01
4.699906965043512685e-01
4.701306089897005491e-01
4.702548526485733627e-01
4.703938233720332263e-01
4.712785831405226777e-01
4.735115271703558282e-01
4.735146590994808169e-01
4.737227803909428436e-01
4.739543618222114563e-01
4.750980414953716591e-01
4.752778132802425448e-01
4.753873677738040815e-01
4.759565373363437435e-01
4.762105116485046974e-01
4.773120601868561241e-01
4.775426626458501023e-01
4.775891911505064091e-01
4.782099430183531230e-01
4.782718993737565261e-01
4.784811092972101609e-01
4.790505013840837822e-01
4.790568598939859424e-01
4.798198005054589155e-01
4.798796616421356354e-01
4.799951763537889660e-01
4.810429333756593984e-01
4.813208229034589003e-01
4.814335436779685895e-01
4.815586256860804881e-01
4.816613879517588903e-01
4.817584766324554124e-01
4.826504943206957332e-01
4.827223977979337999e-01
4.829917505400618261e-01
4.829927867250172202e-01
4.832474381894412696e-01
4.853990915913720672e-01
4.854051106322032627e-01
4.855624706006286262e-01
4.862714577551570660e-01
4.863893735300146570e-01
4.877707798710440024e-01
4.877734989688913281e-01
4.881848219517322951e-01
4.882368947504081014e-01
4.882659759724610748e-01
4.883661924936602006e-01
4.888971478579203778e-01
4.895800973814866675e-01
4.896998238009536708e-01
4.897539120226046538e-01
4.899592679025179254e-01
4.904102093363578163e-01
4.909327068510426217e-01
4.912788050106706161e-01
4.914120349606562188e-01
4.915856205584636096e-01
4.920162863992115221e-01
4.921793919565735642e-01
4.922722683027836998e-01
4.924247253257035273e-01
4.925814929387083430e-01
4.928727193077404589e-01
4.935151081019670816e-01
4.938437609021278929e-01
4.940992287632929303e-01
4.961982679949754060e-01
4.965311826222323921e-01
4.976825065315175767e-01
4.979434043685003752e-01
4.984339135303063606e-01
4.984464476718570292e-01
4.987438662056056238e-01
4.993102823652779132e-01
4.999303955677152356e-01
4.999399856933447461e-01
4.999654828862264422e-01
5.001871001638155123e-01
5.005428781811607220e-01
5.009250656441189831e-01
5.012420099404524265e-01
5.013505475538714284e-01
5.031511781288507956e-01
5.033793106143912288e-01
5.034792161742686067e-01
5.038185664668292096e-01
5.043138696046386427e-01
5.053822113995701804e-01
5.054207879286637395e-01
5.055563081691279992e-01
5.069318900126442706e-01
5.074610334288397473e-01
5.075252847115552246e-01
5.079088692968457552e-01
5.086129289198314529e-01
5.087526146431251561e-01
5.094224316482568460e-01
5.095170775568631516e-01
5.096444885286750548e-01
5.106361653312172511e-01
5.108521654738948925e-01
5.113348399443826686e-01
5.114495600933738340e-01
5.118841906326507818e-01
5.121430180760189188e-01
5.126071286114252112e-01
5.128084646696973170e-01
5.132020696144167227e-01
5.134496939996155973e-01
5.134872727342416621e-01
5.137479300088826362e-01
5.138949965173558176e-01
5.140385737596534499e-01
5.143092269327245170e-01
5.148785024428118584e-01
5.151369824380453988e-01
5.156588371122013958e-01
5.158752345611491430e-01
5.159161138491366039e-01
5.160568885948501050e-01
5.168085765891498040e-01
5.168336272952089860e-01
5.170644345612945836e-01
5.178171393792905253e-01
5.182503622299334811e-01
5.192306620328539513e-01
5.195795441963868555e-01
5.199288256087708504e-01
5.210495391856718728e-01
5.212400166601209861e-01
5.216108277397082382e-01
5.217434333705588401e-01
5.217977233075880017e-01
5.218008837678325129e-01
5.229264947625059667e-01
5.229318340427684397e-01
5.230822019487750829e-01
5.232400057399846371e-01
5.234844896811152726e-01
5.238268612033687432e-01
5.243744344264222867e-01
5.244989882323569663e-01
5.245358699603765995e-01
5.246044833462625290e-01
5.249897031833773431e-01
5.250323516473285324e-01
5.252637279796783520e-01
5.255177510255513162e-01
5.258772348600458946e-01
5.263586497174793655e-01
5.263601592435855903e-01
5.264759070208155922e-01
5.264794139643503845e-01
5.268052833772494115e-01
5.272953571560190511e-01
5.275444823078294654e-01
5.278124341866977653e-01
5.278171853336588448e-01
5.280720903743627570e-01
5.283018346378501873e-01
5.283358883037745368e-01
5.283397351243213080e-01
5.288016246039479729e-01
5.289958785505468608e-01
5.295862560393947982e-01
5.306611144210137132e-01
5.309868362839516021e-01
5.312165388555745160e-01
5.312573913827695060e-01
5.315649023213625535e-01
5.321939587038746478e-01
5.334085971261933734e-01
5.335970058779864189e-01
5.336200302025817521e-01
5.336887318156386950e-01
5.337470288625381087e-01
5.337877818972478483e-01
5.341131866288257868e-01
5.343337303389888993e-01
5.347197945101191952e-01
5.355300929642666796e-01
5.355849256221975052e-01
5.356362253711924870e-01
5.360327965128108829e-01
5.364601807211336615e-01
5.367077951169976213e-01
5.369214917380856766e-01
5.370513998052195426e-01
5.380542606557388030e-01
5.385152554892375099e-01
5.404867156628474500e-01
5.409645445706170452e-01
5.413066586978143580e-01
5.414561639601590537e-01
5.420044375137061943e-01
5.422761727463799586e-01
5.424088834570244266e-01
5.426540541243747295e-01
5.427215305697419279e-01
5.429938421161265572e-01
5.431012169860580663e-01
5.432606872022842648e-01
5.432826446596294989e-01
5.435448960732978119e-01
5.436947695865680386e-01
5.438055636065206588e-01
5.439366794515834158e-01
5.441653342768051349e-01
5.448505357102534363e-01
5.453342344549068077e-01
5.458183447991923343e-01
5.465047966214984232e-01
5.466294982602660779e-01
5.470052124416809880e-01
5.470059362890724586e-01
5.471098034830459422e-01
5.471694955791195358e-01
5.478255647836877129e-01
5.480520706410509924e-01
5.484201703846909304e-01
5.485323514304192294e-01
5.492312808491021103e-01
5.494531619955530521e-01
5.497307155862933836e-01
5.497568241701649150e-01
5.497690196634539284e-01
5.500085830468158798e-01
5.507960263115754262e-01
5.512698862942699840e-01
5.512945338656715100e-01
5.523147832094386089e-01
5.524571388258089355e-01
5.525104476655048336e-01
5.537625255944503833e-01
5.543084801077549084e-01
5.553687350506922860e-01
5.555359212352388720e-01
5.562358222066730029e-01
5.563438615245966945e-01
5.563715440609657836e-01
5.565830157742186479e-01
5.568222652360774738e-01
5.569241942161015091e-01
5.570852024100827471e-01
5.575280661700490192e-01
5.575905779373793170e-01
5.576532245642649155e-01
5.577461975328876775e-01
5.580515846747653441e-01
5.580731442096340533e-01
5.581194481177467193e-01
5.583134874610580223e-01
5.584859817929547221e-01
5.590476995803498328e-01
5.595031278254788409e-01
5.602416389169612154e-01
5.604597881818638161e-01
5.605247412992445666e-01
5.606691111388720783e-01
5.608429837065352919e-01
5.615131996554363347e-01
5.615517490266773715e-01
5.622853637887482714e-01
5.623311777949491219e-01
5.635018360876685728e-01
5.642271149420833298e-01
5.654682073932657538e-01
5.655828778582250305e-01
5.659110399035034433e-01
5.659206217109158388e-01
5.664291050656841131e-01
5.665691601654063714e-01
5.680043140437808225e-01
5.689826827482131755e-01
5.697603319195378990e-01
5.698086897501888348e-01
5.698797662422203647e-01
5.701876922317004048e-01
5.708633425500422298e-01
5.713737921254268270e-01
5.713874963782932248e-01
5.717510921253244893e-01
5.718084385252936164e-01
5.718450543307459499e-01
5.720026616820585996e-01
5.720793536854718031e-01
5.722076172347105860e-01
5.722828021789896358e-01
5.725031147166301793e-01
5.726684703084887751e-01
5.733489023223958814e-01
5.733785329154659216e-01
5.734350212923530199e-01
5.735841660117521057e-01
5.737800247738853443e-01
5.739115804437054935e-01
5.740005829479811750e-01
5.742412514669656964e-01
5.744251481449577090e-01
5.751749316479738416e-01
5.755848447098338427e-01
5.756137900301293575e-01
5.759212630946519695e-01
5.769065374639223975e-01
5.769111699128287585e-01
5.772010574359169865e-01
5.775554612916985464e-01
5.782185150407344043e-01
5.783452122083301283e-01
5.783631203283224886e-01
5.784397548309935244e-01
5.787889800505771065e-01
5.789715237926096325e-01
5.793757741929075333e-01
5.793808443264789609e-01
5.793873525458961282e-01
5.800811813441030251e-01
5.802885178794595644e-01
5.805344191913816010e-01
5.805931180138528269e-01
5.806110631336249828e-01
5.810586633496441777e-01
5.815212205099732357e-01
5.816533326556245775e-01
5.817478054795666154e-01
5.819951134582589392e-01
5.821763658985644740e-01
5.827016998246128399e-01
5.827502357935563371e-01
5.841370109373148489e-01
5.849247155239400975e-01
5.854027433197848129e-01
5.855430541036142911e-01
5.855852094210589609e-01
5.856769322833652591e-01
5.858521651299306576e-01
5.863768467439595122e-01
5.865945137583861158e-01
5.871184496989211299e-01
5.871997611998472921e-01
5.883361528100531368e-01
5.885794755421637214e-01
5.886206679323369162e-01
5.886245838590490331e-01
5.889123301161542923e-01
5.893828914497645233e-01
5.893921484594190074e-01
5.894393585667985214e-01
5.897441063956437857e-01
5.899078203780914187e-01
5.900211565374826606e-01
5.903575696733897038e-01
5.909878021488446098e-01
5.910112152778567163e-01
5.927119867123011865e-01
5.929032937980981410e-01
5.929281667551757895e-01
5.934680304313557642e-01
5.948325079285179395e-01
5.951847572726413071e-01
5.954756187786363064e-01
5.959546503260439998e-01
5.961486977856220726e-01
5.964259781376577418e-01
5.964787292363025184e-01
5.971287909118002668e-01
5.978608724364394833e-01
5.985587425763654323e-01
5.986118298052676145e-01
5.991059274739556351e-01
5.995905255792445265e-01
5.995912511839714965e-01
5.996723223974188555e-01
6.003341449333402524e-01
6.004941947374783373e-01
6.012095528879214390e-01
6.021632523549607097e-01
6.023414596567571166e-01
6.023835469592081493e-01
6.024226989892207396e-01
6.025728048838753237e-01
6.027484200668865588e-01
6.028524819698569681e-01
6.029341526570075604e-01
6.031174383674243744e-01
6.031624931806796042e-01
6.034331199441202997e-01
6.036422683762930896e-01
6.036498073085323490e-01
6.039739521796922972e-01
6.040954523683770283e-01
6.046942324297490678e-01
6.049153095106873934e-01
6.049755490732796614e-01
6.051344075885991547e-01
6.054539580056416126e-01
6.055269294057314955e-01
6.057071754350613624e-01
6.062028419024756420e-01
6.065159098087284928e-01
6.066204417969578433e-01
6.075389519103988611e-01
6.075394603832853235e-01
6.076411270669078712e-01
6.077461981282415993e-01
6.079653710952378498e-01
6.080843630369732189e-01
6.082595773566672470e-01
6.083894299455366861e-01
6.084774614411944116e-01
6.086602551740681877e-01
6.090361213226225257e-01
6.091937038365696777e-01
6.095396276971628557e-01
6.103143708337364082e-01
6.107669919538722958e-01
6.115058630605414436e-01
6.119641025259984213e-01
6.127161400588880813e-01
6.129213210865832595e-01
6.145171652163325948e-01
6.145289639700817208e-01
6.147919418346348142e-01
6.166153910761124068e-01
6.170307050016687889e-01
6.177135469758219255e-01
6.185729616434350042e-01
6.193894352258987324e-01
6.197583198486202871e-01
6.199639293592981160e-01
6.202890816319847067e-01
6.206915863540348743e-01
6.207601572125248657e-01
6.208230699464584168e-01
6.208343177690286430e-01
6.214075353828557580e-01
6.220847883111306764e-01
6.223201623459022613e-01
6.228574234481947247e-01
6.228749409739653409e-01
6.231701166176866202e-01
6.232459118085803551e-01
6.233246628094225583e-01
6.236083397549475604e-01
6.240496925607763590e-01
6.249222620480314738e-01
6.252810274290977466e-01
6.257393718061499133e-01
6.264377654459249989e-01
6.266824750214819995e-01
6.267367058111674716e-01
6.275650735147092485e-01
6.279202481120910173e-01
6.291592176967750749e-01
6.292364916538297770e-01
6.303449866071888508e-01
6.306089464742341555e-01
6.310413465218842610e-01
6.311672873270774975e-01
6.311953018717140207e-01
6.312308792474888852e-01
6.315019217765698301e-01
6.316414070199147801e-01
6.319942743674215047e-01
6.326263699037800725e-01
6.329671102968779106e-01
6.332714809537182132e-01
6.332920407256867890e-01
6.344653737175806052e-01
6.348643975270710227e-01
6.350286246603719098e-01
6.350457998042896568e-01
6.351557207120218651e-01
6.353213419488114022e-01
6.357040397383677544e-01
6.360044034137606328e-01
6.361033623331120435e-01
6.362517719925061543e-01
6.366186372292265139e-01
6.366323872450387888e-01
6.368869963352410402e-01
6.369262865357460113e-01
6.379414068455122599e-01
6.380161410686772117e-01
6.382738266288203732e-01
6.390212465905427131e-01
6.393520454289275401e-01
6.395408258643252575e-01
6.396146449296145065e-01
6.398221522069720280e-01
6.403719745478473335e-01
6.409233038979914587e-01
6.410920782796836193e-01
6.416657542882244769e-01
6.423282197666549953e-01
6.429797146258853235e-01
6.436552502473743553e-01
6.438860062015752117e-01
6.444255141990037350e-01
6.449474841050550911e-01
6.453685583770485401e-01
6.454929958882864582e-01
6.459506697917056783e-01
6.463176434482084121e-01
6.465402331359054733e-01
6.467731820279605248e-01
6.468109605999089462e-01
6.469112158972426530e-01
6.469851303234164241e-01
6.470409962077992017e-01
6.472187368570857524e-01
6.476079385187596404e-01
6.477020878564693218e-01
6.482341517819688592e-01
6.483591390847635028e-01
6.492837228185468490e-01
6.493514596761135182e-01
6.494111821256473016e-01
6.498539045061989539e-01
6.501285821435117684e-01
6.503794274398218000e-01
6.505615118094305593e-01
6.506811229148681264e-01
6.507334998364849854e-01
6.507395732013120382e-01
6.507434646891927521e-01
6.516955179373543627e-01
6.518728428750535375e-01
6.522644964436262738e-01
6.524292388308184920e-01
6.529374367324354278e-01
6.533228480616737333e-01
6.538533924824152521e-01
6.555271160499721583e-01
6.555351235157156342e-01
6.559197739930555660e-01
6.561325087288065738e-01
6.561635927327662543e-01
6.561691613053204364e-01
6.565885696459419218e-01
6.567194304396822835e-01
6.573933194989172168e-01
6.575719386256788646e-01
6.576319994063030139e-01
6.578582630087946859e-01
6.583870503322465373e-01
6.588190765561608986e-01
6.588718272839367840e-01
6.597640819959129654e-01
6.599940528729577593e-01
6.601094401691197655e-01
6.602857839079337987e-01
6.603500155394391724e-01
6.616083913320964793e-01
6.616410348854109280e-01
6.619184373580258018e-01
6.621456980057413011e-01
6.628275388458846340e-01
6.631103706567867961e-01
6.632152528505526057e-01
6.634348400472076523e-01
6.635802214055959158e-01
6.639606524852879055e-01
6.642284041776165271e-01
6.643103468088752406e-01
6.647015049377196227e-01
6.647498944338618987e-01
6.650642022280317534e-01
6.651181182706078499e-01
6.651378753385712717e-01
6.654427054223800431e-01
6.654785378272978225e-01
6.658912305484250282e-01
6.659704828188068859e-01
6.662970231902016760e-01
6.665975159763970481e-01
6.667028024922136975e-01
6.670076249510337174e-01
6.673304880558059704e-01
6.673575848494506246e-01
6.674710376969936743e-01
6.678085701169378385e-01
6.678209322687892469e-01
6.682715902033469213e-01
6.683727598117475965e-01
6.687887529899103622e-01
6.689869821304632591e-01
6.691605698960735316e-01
6.695890868224814163e-01
6.697892310306501340e-01
6.699510556428294183e-01
6.701909257800611197e-01
6.703425244300069696e-01
6.705019211157452474e-01
6.716716064181290635e-01
6.721149359468570061e-01
6.721295481028554120e-01
6.721491241622308266e-01
6.728946923197696162e-01
6.733621926342834296e-01
6.734437479563430973e-01
6.736372743869571966e-01
6.739385341062037460e-01
6.739571387045300010e-01
6.740094043064889240e-01
6.742881844060651941e-01
6.744189558611143331e-01
6.748634458940218073e-01
6.748863398612111597e-01
6.749670271938394972e-01
6.750745938945297286e-01
6.751251129764072045e-01
6.756209545902730484e-01
6.758804400457665285e-01
6.760937371670571183e-01
6.761721636230849652e-01
6.765002748400039678e-01
6.770634995591802152e-01
6.771941713768641069e-01
6.779106998408723772e-01
6.787776403531946556e-01
6.787922358772542353e-01
6.790474219539145428e-01
6.795585171780341716e-01
6.800978077240249497e-01
6.804186429209966303e-01
6.805521121911041194e-01
6.805605722085816822e-01
6.807234440864138314e-01
6.815759470676618914e-01
6.816326067060178850e-01
6.818062476431966390e-01
6.820639259843670477e-01
6.827332116287394559e-01
6.829483050707597647e-01
6.832501982904698457e-01
6.832792877101131479e-01
6.833293232474736412e-01
6.835557951830671941e-01
6.838604442946745188e-01
6.843102780494911830e-01
6.848456654106462871e-01
6.848650187239521125e-01
6.851524621801172721e-01
6.852866854749120051e-01
6.852950578121613789e-01
6.858037038598234769e-01
6.859806258015042069e-01
6.860518724716971883e-01
6.864836790878577899e-01
6.865541671215660280e-01
6.868530764057689808e-01
6.872472752153191422e-01
6.873927175463420136e-01
6.885813533387734608e-01
6.889259831870795381e-01
6.891546419456437977e-01
6.893506935636233290e-01
6.900610963607773929e-01
6.901696032462490971e-01
6.904519154353182531e-01
6.904898884075225673e-01
6.906894727815191537e-01
6.906941757235257606e-01
6.909136812104721415e-01
6.910727696875481607e-01
6.911424809654886925e-01
6.917467380890253148e-01
6.917638806503315640e-01
6.928126575884991922e-01
6.928558489408638277e-01
6.929455575135893275e-01
6.931584711886420447e-01
6.932644741389113463e-01
6.934729197514946097e-01
6.935357022754358169e-01
6.937483752118943636e-01
6.937617776434488182e-01
6.946269969509706321e-01
6.950865101450871553e-01
6.951693374616579879e-01
6.951942231323247068e-01
6.954144893466966959e-01
6.956724650499687135e-01
6.962345011377135684e-01
6.974709246036985277e-01
6.977736218380619082e-01
6.982534441386564206e-01
6.988567555386938634e-01
6.988602242989974123e-01
6.991695401306969870e-01
6.994424907089117349e-01
6.997596708604183480e-01
7.000101276736608868e-01
7.000581140832909943e-01
7.000647022829570298e-01
7.007258678743117919e-01
7.014573648124130534e-01
7.016754610264996916e-01
7.020893328967873215e-01
7.022778139102450190e-01
7.022902943246536189e-01
7.025923884131237696e-01
7.027794504532139941e-01
7.029422201936603720e-01
7.032335353523667676e-01
7.039826031999425471e-01
7.040783369577982009e-01
7.043278654324409693e-01
7.044402294479563675e-01
7.044917147739615526e-01
7.047710051192896952e-01
7.050941279587423782e-01
7.052804036952462496e-01
7.053423936604338307e-01
7.054149783171712595e-01
7.054553278438925323e-01
7.058426103213513159e-01
7.063232866999455961e-01
7.070323064108544608e-01
7.073410539844937617e-01
7.082348096881231347e-01
7.083409073615900553e-01
7.084783702095691638e-01
7.089127575474237775e-01
7.098741619646730117e-01
7.099779059499753409e-01
7.100394251013063540e-01
7.100650139279861550e-01
7.102896182103788369e-01
7.104349268022338570e-01
7.107834324390218672e-01
7.108639533983054370e-01
7.108656402328910051e-01
7.109569233618300288e-01
7.112235110782136882e-01
7.113162165227431277e-01
7.116617841280057366e-01
7.120755925653622365e-01
7.121178238738322674e-01
7.121199211001133511e-01
7.122814132277331955e-01
7.126774377578686259e-01
7.129980479155870743e-01
7.131167619019179726e-01
7.132760498227557200e-01
7.133318951953172560e-01
7.134773387099899722e-01
7.135409971691811792e-01
7.138691191790991208e-01
7.139218584488673525e-01
7.143741812893382725e-01
7.144703167082016027e-01
7.145851954836599518e-01
7.146135209438873037e-01
7.148919757769380823e-01
7.152172133812920718e-01
7.155178565057680462e-01
7.155270436030711778e-01
7.156064303257317905e-01
7.157744287686982343e-01
7.160263436108216251e-01
7.162717415813075750e-01
7.165077557795065388e-01
7.166995272984140186e-01
7.167297500981109071e-01
7.168655165104695914e-01
7.178371565410204269e-01
7.184463563430728561e-01
7.187083270615945985e-01
7.189149083559025488e-01
7.190563260760911568e-01
7.194626695782276871e-01
7.199523128877788336e-01
7.200155883591916606e-01
7.200712503184339974e-01
7.204812793482733291e-01
7.206435238827016976e-01
7.207864983536821368e-01
7.209247079301941419e-01
7.211055687061845854e-01
7.211155573835767996e-01
7.211349241900097962e-01
7.213476668087331900e-01
7.213897778634448255e-01
7.215225337082138424e-01
7.215302786937930479e-01
7.224636143588253345e-01
7.226213240659731252e-01
7.226864207926648742e-01
7.230565083102681312e-01
7.233689971651586781e-01
7.235451620217514535e-01
7.235700443093471268e-01
7.237498983852386214e-01
7.238442693731578226e-01
7.244627093531308404e-01
7.248492911714787823e-01
7.251570108617269028e-01
7.251896331656715322e-01
7.253948687818472241e-01
7.260430488982221320e-01
7.267304765967899094e-01
7.269905998295619343e-01
7.271084529498972326e-01
7.280989626580413043e-01
7.284339044934666774e-01
7.290191723442766003e-01
7.290765804778952530e-01
7.297206816650739780e-01
7.298382750887242310e-01
7.308004346497716242e-01
7.311732904565877433e-01
7.312966307929118503e-01
7.317796819649257101e-01
7.319236372050905715e-01
7.319877236234211271e-01
7.320931054303461138e-01
7.321096855621639365e-01
7.321628024465569595e-01
7.322753858834912810e-01
7.323273817029964938e-01
7.323359151159724023e-01
7.325990910289411628e-01
7.327143956861675855e-01
7.331292211110304047e-01
7.333263298293283272e-01
7.334627418038767166e-01
7.334647124012255714e-01
7.334821840611865928e-01
7.335590400579182768e-01
7.335803747184732604e-01
7.344638171437403162e-01
7.344745150463044547e-01
7.346310312106564266e-01
7.349029194822935818e-01
7.350597358267848547e-01
7.351138852146837932e-01
7.351546334327099252e-01
7.354642654039473815e-01
7.355152713220519667e-01
7.355704266937945768e-01
7.355738728529803705e-01
7.356188732205761749e-01
7.361208356719084467e-01
7.363015089414434167e-01
7.371496874316052494e-01
7.375246817032141688e-01
7.376793248164632555e-01
7.379008581685935209e-01
7.384875217671591496e-01
7.389330162382190537e-01
7.394079982341140722e-01
7.399449332558849513e-01
7.407387827496008104e-01
7.408221591660052452e-01
7.410261594758956738e-01
7.413012834382745053e-01
7.420956318489877468e-01
7.422138717592696722e-01
7.423066806176882304e-01
7.424225352303894798e-01
7.426256151604830880e-01
7.427463445664841402e-01
7.427810930323414107e-01
7.431068091893843208e-01
7.432910733641978629e-01
7.434183924891284434e-01
7.437421909950524546e-01
7.444915414976979173e-01
7.446005640948142323e-01
7.446024190802894571e-01
7.450586055422142584e-01
7.455821935890490915e-01
7.458237378624258396e-01
7.458283974502246672e-01
7.461791242849431516e-01
7.463750390970267379e-01
7.465606697491400379e-01
7.468554219359959667e-01
7.471675219177161820e-01
7.475569747409975818e-01
7.479123619127814315e-01
7.479460700285498476e-01
7.479534675535485233e-01
7.481652104216904853e-01
7.482063296492871274e-01
7.482866798373273287e-01
7.483340387973591579e-01
7.488289611717389160e-01
7.492781376058150755e-01
7.495039600515289724e-01
7.496368781820792471e-01
7.498069537966967069e-01
7.499157723326672631e-01
7.504615534859304660e-01
7.509171326526287160e-01
7.512181636726826817e-01
7.515714289060638764e-01
7.516240871438800708e-01
7.518122755382112832e-01
7.518141085376579547e-01
7.524995568686795311e-01
7.526976619983778427e-01
7.527424405256702977e-01
7.528267931228471710e-01
7.533260635257835736e-01
7.537765079013958314e-01
7.538073175402354442e-01
7.540690031431642737e-01
7.543046897586709321e-01
7.545847720412590665e-01
7.545855891541440874e-01
7.548250042023256778e-01
7.551261642048154865e-01
7.553218686709632923e-01
7.554834254327870147e-01
7.555888319188701630e-01
7.559628200340036130e-01
7.563092052536842802e-01
7.564184304722362251e-01
7.568750594066764315e-01
7.569124691499383717e-01
7.572988942611622587e-01
7.574536912395323229e-01
7.580142481557208267e-01
7.581543832689285889e-01
7.584367457502914078e-01
7.585259218916120538e-01
7.588289518543683831e-01
7.588705269552011856e-01
7.598783933857347073e-01
7.600567970678054897e-01
7.606976754373855343e-01
7.607926414332948362e-01
7.608972621032003003e-01
7.613222509371981861e-01
7.619192806979581123e-01
7.627901802379455365e-01
7.628807197225645487e-01
7.632888598940343883e-01
7.639268765488047563e-01
7.643815591595258807e-01
7.645054209440268478e-01
7.650532750884931898e-01
7.652280273783318432e-01
7.655444676387268554e-01
7.657010075900196888e-01
7.658312675781256962e-01
7.660953692914341806e-01
7.661763247603884386e-01
7.664600103837465594e-01
7.665615034501194192e-01
7.666497168266315221e-01
7.669002948966734401e-01
7.671568930698462463e-01
7.671696145528003052e-01
7.671784663391649772e-01
7.671907672455936522e-01
7.678377857174392140e-01
7.681577623062797455e-01
7.681738359900203150e-01
7.681789078246664682e-01
7.682126289196121727e-01
7.682574738761169808e-01
7.683956343787524679e-01
7.685066832224765054e-01
7.685878697473464971e-01
7.691915553651939019e-01
7.702823030819114791e-01
7.702845500599422301e-01
7.703111954007367812e-01
7.709548276561837277e-01
7.714875464695468699e-01
7.716596421971440023e-01
7.718381556006119748e-01
7.725868840550335070e-01
7.727400434011787445e-01
7.735069826586959962e-01
7.737940741625788377e-01
7.740013501029875398e-01
7.741845358441732383e-01
7.746800523410604100e-01
7.753490440353916213e-01
7.756403731247876188e-01
7.761376952969039067e-01
7.762955419817454406e-01
7.765690649536437506e-01
7.767534723162946575e-01
7.771839470347285950e-01
7.777293272146139635e-01
7.778141474503842412e-01
7.778774113680437807e-01
7.781687645630909200e-01
7.782316385304409723e-01
7.783197457874073688e-01
7.783718946540899575e-01
7.785403350870060413e-01
7.786522804974447265e-01
7.788649587898064386e-01
7.790006059664571492e-01
7.795323754456636722e-01
7.796021268208760402e-01
7.796267093450048868e-01
7.797668594088448257e-01
7.803341038655419171e-01
7.804164510256137444e-01
7.805209804269749307e-01
7.806637033344291376e-01
7.809375319852589481e-01
7.810435958220869335e-01
7.814865564825048683e-01
7.818049488322360574e-01
7.819588742090753941e-01
7.821573492994391419e-01
7.826559402431334522e-01
7.833094457687006518e-01
7.834207332456097905e-01
7.834413479805888425e-01
7.836346878542664873e-01
7.836556037637951722e-01
7.837375063144194076e-01
7.837618439682706439e-01
7.841528066077424475e-01
7.845425800688152762e-01
7.849630778293971156e-01
7.849921782437490059e-01
7.850602555836921903e-01
7.858963847338600317e-01
7.861106629191518813e-01
7.866699223406181662e-01
7.867129606360554472e-01
7.874916309499011557e-01
7.879340976031974364e-01
7.884689198498522344e-01
7.887137442655036690e-01
7.889447653972037067e-01
7.901891705981413105e-01
7.903741993968613766e-01
7.905201179964151947e-01
7.905299053310917978e-01
7.906366080373185001e-01
7.909862357844806846e-01
7.912002065038734600e-01
7.914065462414627827e-01
7.916442621136106084e-01
7.918913271334717674e-01
7.922536744927315411e-01
7.923104520347412638e-01
7.926282308628311846e-01
7.927254461810563368e-01
7.928727981540117931e-01
7.933194655526937256e-01
7.935992147500664506e-01
7.938210293351347646e-01
7.938285193812774088e-01
7.944717941067784839e-01
7.956407325067773595e-01
7.960795749233199325e-01
7.961076852280437599e-01
7.964432283012705671e-01
7.964942438938316105e-01
7.972983448161721221e-01
7.973070183039088210e-01
7.973465148170388872e-01
7.973706183634288180e-01
7.973778889580442897e-01
7.974680363869468547e-01
7.977667387725436710e-01
7.980089604709466045e-01
7.981692206999754235e-01
7.984701585516242872e-01
7.992447579300219207e-01
7.995424528355772331e-01
7.997530678075248645e-01
8.000979921003420481e-01
8.002546477968934813e-01
8.002871793367033471e-01
8.003616543074358880e-01
8.005250374570493932e-01
8.007341330032244908e-01
8.009646865603687882e-01
8.014458088343552333e-01
8.015664464810859924e-01
8.017572829916375099e-01
8.017872632928182419e-01
8.020379195113603865e-01
8.020563664954825089e-01
8.023835789336477564e-01
8.025721783640707985e-01
8.026090506612605369e-01
8.026687393129128267e-01
8.027402602509527973e-01
8.028712683142019690e-01
8.030248516242022294e-01
8.034067212648684508e-01
8.036670979674528370e-01
8.048787954068524764e-01
8.053494829033205349e-01
8.053894855339929215e-01
8.053977559188228996e-01
8.054078316737932619e-01
8.054289092656239379e-01
8.055336754450723724e-01
8.055727782292838590e-01
8.062923962698235192e-01
8.064043263488038793e-01
8.070567202669851614e-01
8.070948330581177999e-01
8.071642264390864741e-01
8.072496542577766165e-01
8.080149517447615670e-01
8.082871085735576777e-01
8.083558876264214099e-01
8.086099508184875218e-01
8.089711376728436765e-01
8.090390981917030544e-01
8.090720037135703535e-01
8.093190759680144453e-01
8.094599766324555024e-01
8.099437314660260512e-01
8.100432836829487560e-01
8.104592142971647206e-01
8.105519435282727558e-01
8.107774248496657510e-01
8.107964239084248792e-01
8.117475892865819720e-01
8.117975752130182077e-01
8.118998800635190971e-01
8.122259158013541702e-01
8.122402240187492906e-01
8.131068962436620584e-01
8.131154882528577321e-01
8.132445879289121882e-01
8.133276277726819714e-01
8.135661432724364817e-01
8.137767996954912153e-01
8.139473810177465518e-01
8.139620632434605429e-01
8.140334980300204526e-01
8.141774923968759792e-01
8.142145070925251860e-01
8.147282458207522060e-01
8.149278517605860195e-01
8.151909106643195901e-01
8.152282663015526509e-01
8.157850591542714636e-01
8.159873241049853121e-01
8.159987874413902054e-01
8.160229889053750574e-01
8.160505892015021967e-01
8.161410712122946221e-01
8.169971815579393226e-01
8.171998225443113384e-01
8.174681941089125825e-01
8.176067870434999829e-01
8.178410709862904415e-01
8.179013142616970988e-01
8.181315111641023208e-01
8.181889764549553634e-01
8.182584974845983350e-01
8.183580616036436606e-01
8.184314595683022109e-01
8.189109674739954992e-01
8.192311896957714668e-01
8.198177786655014287e-01
8.208501327135535597e-01
8.212511438482963388e-01
8.216063611998905003e-01
8.217062364933019891e-01
8.219213799020173017e-01
8.220806326378473639e-01
8.221279740680609294e-01
8.223481184588858905e-01
8.224078647715676871e-01
8.226460953013176036e-01
8.227209515045308397e-01
8.227280524579995147e-01
8.228497441195308237e-01
8.228884852678428619e-01
8.229409727676574304e-01
8.231873373955604922e-01
8.232478109199984351e-01
8.232692832876828959e-01
8.232770020927013821e-01
8.232919708429267125e-01
8.235563292455511109e-01
8.236233498327663050e-01
8.236384273898862407e-01
8.236551935496045918e-01
8.237198026618526292e-01
8.238623358632171101e-01
8.244093914635577391e-01
8.246044262943242886e-01
8.247232086693712105e-01
8.247570411550546599e-01
8.256772424197142968e-01
8.259893019530254454e-01
8.261751670862130803e-01
8.270404035980828406e-01
8.273145949427016532e-01
8.276145205260058146e-01
8.276611221237923921e-01
8.286031725948584947e-01
8.288200422323386274e-01
8.288856188909761169e-01
8.292538247283206543e-01
8.295370790988174647e-01
8.304621743666206202e-01
8.305852851932786773e-01
8.306480628877097594e-01
8.309133469422607110e-01
8.309698383386225906e-01
8.311004732117459604e-01
8.313770976001431112e-01
8.314557202892303156e-01
8.315676174209258864e-01
8.316158524124223073e-01
8.316988956507581632e-01
8.323913979594124157e-01
8.324917788864081292e-01
8.328399405007597123e-01
8.329236837645157543e-01
8.329683405091345971e-01
8.329940468046200808e-01
8.331402462328596492e-01
8.331462866364017783e-01
8.334229882921305732e-01
8.334366575002201127e-01
8.339563038545196871e-01
8.339976935248873957e-01
8.347066374428258051e-01
8.347825696874395796e-01
8.351112459882070738e-01
8.352167103728085351e-01
8.353322445508163385e-01
8.357543810356480307e-01
8.358140311902201303e-01
8.358457461067569927e-01
8.359112318667195618e-01
8.360788663272928911e-01
8.361061567300036579e-01
8.362938178266616784e-01
8.363951409510408386e-01
8.366536748947127622e-01
8.374016226199664237e-01
8.377336394175172174e-01
8.382434242053063977e-01
8.384714008390874440e-01
8.388662662951749116e-01
8.392390709800465753e-01
8.394771107063182525e-01
8.405961982542482502e-01
8.406284533129988468e-01
8.408468841683930384e-01
8.408663010525643244e-01
8.410296743669782860e-01
8.416021477448438759e-01
8.421796737849344128e-01
8.424111544004020402e-01
8.429956063605713590e-01
8.434185154260651629e-01
8.435910540659212753e-01
8.436286109969735048e-01
8.438543633117006060e-01
8.439124845565283417e-01
8.441394828998800559e-01
8.441840748050390975e-01
8.442240849563160676e-01
8.447793331736906941e-01
8.448459837482016344e-01
8.449573365252688317e-01
8.449825967295422346e-01
8.454759831108588086e-01
8.456179063842018673e-01
8.456337379953868805e-01
8.456580594428186881e-01
8.457560367609823215e-01
8.458063332848246851e-01
8.459089083207607107e-01
8.464991008858315791e-01
8.467339244533829135e-01
8.468560717914217495e-01
8.468921796035020488e-01
8.472434408132357708e-01
8.475572982874695072e-01
8.476771213903858682e-01
8.478087969376895128e-01
8.478533200933946468e-01
8.493799318685861799e-01
8.495317864121900708e-01
8.495862307610790864e-01
8.500288840712750815e-01
8.503481608937778491e-01
8.505324138182683846e-01
8.506894125607591395e-01
8.507925326256702281e-01
8.510531015090158080e-01
8.512654266421515459e-01
8.513043981666862381e-01
8.515753416989412239e-01
8.517815406145771151e-01
8.518146848569422280e-01
8.524112146892519615e-01
8.532595418903112794e-01
8.532959265756585587e-01
8.534816553019550778e-01
8.536036280927670195e-01
8.544381613677842768e-01
8.545846777246699499e-01
8.545871557825623910e-01
8.546430159535083337e-01
8.547306168884103439e-01
8.547625035754753409e-01
8.548167315594645821e-01
8.550914121521178135e-01
8.554104215749264162e-01
8.555317033558542672e-01
8.555748590556550015e-01
8.556289965967549538e-01
8.560116582291266152e-01
8.565956462151321782e-01
8.566069153555715410e-01
8.570598275536308597e-01
8.578162326861711318e-01
8.583179771460787144e-01
8.585513216341670306e-01
8.588143979541627004e-01
8.590081399470723689e-01
8.590288979688456283e-01
8.590580732454600188e-01
8.592705124439238284e-01
8.593645804358549523e-01
8.593988587250850353e-01
8.597165436120953741e-01
8.597547446608152510e-01
8.598599424254358414e-01
8.603418504246219678e-01
8.603767481248538740e-01
8.612163844597542361e-01
8.617075156897824328e-01
8.617237452876550519e-01
8.618581504605131727e-01
8.618614690528897393e-01
8.618635922500268443e-01
8.619732912465085661e-01
8.623141801872865608e-01
8.623820536094666256e-01
8.625496361665335732e-01
8.629138193767736942e-01
8.629349816262126271e-01
8.630133667811313858e-01
8.630637937460601261e-01
8.635182007028567863e-01
8.642425229658006192e-01
8.644840307667128743e-01
8.644966559657667471e-01
8.646605696545395237e-01
8.649586205611095036e-01
8.652241176025512459e-01
8.652748386435806793e-01
8.653744168390860025e-01
8.657634239490930028e-01
8.657698088325250785e-01
8.662098887921818591e-01
8.662197927130267372e-01
8.666732573491513492e-01
8.667438233069453268e-01
8.671599500404869598e-01
8.673574499378240432e-01
8.675948888652849078e-01
8.677192160454165748e-01
8.677698293827893483e-01
8.678375965115170398e-01
8.679539684967647606e-01
8.681114782731564894e-01
8.681890934837773743e-01
8.685329856705088503e-01
8.688301272368081918e-01
8.689114876506617291e-01
8.689744298851628246e-01
8.696001573258108630e-01
8.698844480357380560e-01
8.699530042418348597e-01
8.703013167603620426e-01
8.706052097794557687e-01
8.713634183939882316e-01
8.714040574020258667e-01
8.716598574702101310e-01
8.716966547721509695e-01
8.720960744608436954e-01
8.725155292520914152e-01
8.727878571114305872e-01
8.729644739824351518e-01
8.729661376562160013e-01
8.729872523283440655e-01
8.729881153246712433e-01
8.730083565869688478e-01
8.732336858105163024e-01
8.735742511284406708e-01
8.736381100104355646e-01
8.737293832688544093e-01
8.740681827012275473e-01
8.743085797444808405e-01
8.745941744725632683e-01
8.751775695828772905e-01
8.752998464305991044e-01
8.753304974317585030e-01
8.760294404464957774e-01
8.761143349113682532e-01
8.763262160926156286e-01
8.763805027188467101e-01
8.764246936125381637e-01
8.770804483474526902e-01
8.770907253485994426e-01
8.772955580875770876e-01
8.775247726675960980e-01
8.775782527679033551e-01
8.777558170405390658e-01
8.778805143031971348e-01
8.780893396826112696e-01
8.781870895412322575e-01
8.784895561511313344e-01
8.785322453510233665e-01
8.786372433442289909e-01
8.787363341960765517e-01
8.790900832398074183e-01
8.792102419260390267e-01
8.794267598837837152e-01
8.795794377461718661e-01
8.800642618809244588e-01
8.801665699737994952e-01
8.801972907598670792e-01
8.803283453865637931e-01
8.814055650541938736e-01
8.819751325927748242e-01
8.819767555275461746e-01
8.827994982212983288e-01
8.832802842411788813e-01
8.833162522816309092e-01
8.838513474518575608e-01
8.841259419757284688e-01
8.842514326288137827e-01
8.843839390756762509e-01
8.847160813081796915e-01
8.849253525210437621e-01
8.851020823343382915e-01
8.852787828275888726e-01
8.862109665955094640e-01
8.864671226197472498e-01
8.865340421821795713e-01
8.865416380538021501e-01
8.865950566975040470e-01
8.866247553080770505e-01
8.867191198881243519e-01
8.869256538984701121e-01
8.869282549284301931e-01
8.870733105865167278e-01
8.871452230480253442e-01
8.872066605523971639e-01
8.877342186236335531e-01
8.877464976642165384e-01
8.879115812179149136e-01
8.880753970411854326e-01
8.882911085437875665e-01
8.883974332339229507e-01
8.884641391414105360e-01
8.894287695917003633e-01
8.895813152826430592e-01
8.897555050584072811e-01
8.899709678242226918e-01
8.899814403017900499e-01
8.902656280884346796e-01
8.902729925995768179e-01
8.905408939639221089e-01
8.907751668158456759e-01
8.909456070850487741e-01
8.911418779771190790e-01
8.912489905823246517e-01
8.912898357704657215e-01
8.913558398455393439e-01
8.917995750761887885e-01
8.919594536732058376e-01
8.924680212253210954e-01
8.926245919040406429e-01
8.929942403011136287e-01
8.933506286201509106e-01
8.939928656953088915e-01
8.940458851872692403e-01
8.941351517804622118e-01
8.941413437848556578e-01
8.942630345626887411e-01
8.943105868694570804e-01
8.943637102016348539e-01
8.945331932878678449e-01
8.948101429230349568e-01
8.951826073149670160e-01
8.954617458371265659e-01
8.954697233603343687e-01
8.956290908791062488e-01
8.957546185099722891e-01
8.958738587237131679e-01
8.963745700942062911e-01
8.965343657822145707e-01
8.966345056065373464e-01
8.966812954451028883e-01
8.969936899402251029e-01
8.971387471588366802e-01
8.975604000852124287e-01
8.978301173456557649e-01
8.980083296113294811e-01
8.980726666153420190e-01
8.982015635285851562e-01
8.990422269861348958e-01
8.992048309054445632e-01
8.993591075045498373e-01
9.001613067712095351e-01
9.002785915013948870e-01
9.006406334686216653e-01
9.007051702363992884e-01
9.007949482397632490e-01
9.009601529583126656e-01
9.012617458013395533e-01
9.012795056222226986e-01
9.014205391891372265e-01
9.017564372245632232e-01
9.019611972938509359e-01
9.023161309969476296e-01
9.024257808177278406e-01
9.025826890792689738e-01
9.031806022137967016e-01
9.035092143029932465e-01
9.037856013606182515e-01
9.037984311994768927e-01
9.038045324511498890e-01
9.042209933779099540e-01
9.047852658481938537e-01
9.054085028674807578e-01
9.059013866342242594e-01
9.063571778473242802e-01
9.068187100481754914e-01
9.069116830364674087e-01
9.069584240138597320e-01
9.069808656965114846e-01
9.070615396407784026e-01
9.078622160303305710e-01
9.081983342077963872e-01
9.084260169226850978e-01
9.086946130627435725e-01
9.087779067948020817e-01
9.096960357173003997e-01
9.099723862162526489e-01
9.102307025270268692e-01
9.105175773173637133e-01
9.105263000655942074e-01
9.106423452695470155e-01
9.106528516381998672e-01
9.107890614949065711e-01
9.109432213302854908e-01
9.110435356014743302e-01
9.113444017859556601e-01
9.115313818282895220e-01
9.115864211503127423e-01
9.117854869836574672e-01
9.117951262392099965e-01
9.120537373532616732e-01
9.122958286480907786e-01
9.128679937614273543e-01
9.132301966595084419e-01
9.133197278668720998e-01
9.134140609553708101e-01
9.140982721556805135e-01
9.145633594375367492e-01
9.148304720789227629e-01
9.149222165710354515e-01
9.153970263726826095e-01
9.159217391416394349e-01
9.162742302523811944e-01
9.168667903036116229e-01
9.169219465174202055e-01
9.171822047369755371e-01
9.172673352463200924e-01
9.174230454270817514e-01
9.177002525959911949e-01
9.178559704264136476e-01
9.179538163057914257e-01
9.185721737835473855e-01
9.188387128159116735e-01
9.191191168801995381e-01
9.194729610322600610e-01
9.196681974984379782e-01
9.198322896662614045e-01
9.202266146960014215e-01
9.205587136470774201e-01
9.206737284385465570e-01
9.208128826884850460e-01
9.210430081248451861e-01
9.211309728391733342e-01
9.212347162633852671e-01
9.212754687668351927e-01
9.213512902209739508e-01
9.214103674866075400e-01
9.220917901546630269e-01
9.222200090391228233e-01
9.226876849096954381e-01
9.240300741252944761e-01
9.253952760582028203e-01
9.255976882900651681e-01
9.257745376810188054e-01
9.258688500809119093e-01
9.258944583972119613e-01
9.262059759082243993e-01
9.262637497311637658e-01
9.262909432629188311e-01
9.263898743367393607e-01
9.264962859744330093e-01
9.265539849832873376e-01
9.267130182259604165e-01
9.268480876972133853e-01
9.268935188681113324e-01
9.269734881563381768e-01
9.270599419519900408e-01
9.272113753959411175e-01
9.275077721034494793e-01
9.275622633353275415e-01
9.277033695731509155e-01
9.281639569412442059e-01
9.281658467584879002e-01
9.283639297141501601e-01
9.284839329276421971e-01
9.284932515056519842e-01
9.284950292546472195e-01
9.288707661350612543e-01
9.292767977775371335e-01
9.296271502935651299e-01
9.297678258141964802e-01
9.304633381210958287e-01
9.310921108361226439e-01
9.311181584886785156e-01
9.314250057054116461e-01
9.314628298772342774e-01
9.315622664980640621e-01
9.316295670549998853e-01
9.320259733830837945e-01
9.321154024038234009e-01
9.322223104712878960e-01
9.330038740130356389e-01
9.331833081129097263e-01
9.339420388365728964e-01
9.341139669175650972e-01
9.344021808301261611e-01
9.348808066446793186e-01
9.349850908038838115e-01
9.351407879420327030e-01
9.352342381226648182e-01
9.354705815672478275e-01
9.358534248838565883e-01
9.361061879430222499e-01
9.362340228563109656e-01
9.364282565219315124e-01
9.366546957506470816e-01
9.367959337998279512e-01
9.370552790555610745e-01
9.371951451307395375e-01
9.380298581569769256e-01
9.380859565238475195e-01
9.382033929440143361e-01
9.387120969211503185e-01
9.387672514837361870e-01
9.388938230927832418e-01
9.389439668736637712e-01
9.394603285185192387e-01
9.397162401779144414e-01
9.397297687514271081e-01
9.399284006606865027e-01
9.400453729054909502e-01
9.401766601269889723e-01
9.402758044505913348e-01
9.403547214369909479e-01
9.405757431324770490e-01
9.408237507665389021e-01
9.413762338290890819e-01
9.414398610456139460e-01
9.419227864561081631e-01
9.419459862035877151e-01
9.423591961383824822e-01
9.424367178084938068e-01
9.426791501654462335e-01
9.434211476603098223e-01
9.434398778105634875e-01
9.434858443330894628e-01
9.435412649779111316e-01
9.437763405942964923e-01
9.440095576653682041e-01
9.440799463244285983e-01
9.442492620104159240e-01
9.442884395778994300e-01
9.447266375826817164e-01
9.450785853779538614e-01
9.451115208243481280e-01
9.453812715582793347e-01
9.455109336142126786e-01
9.455583410124251964e-01
9.456158653038778672e-01
9.460975481662330377e-01
9.463225521917535410e-01
9.467335253591593336e-01
9.473431368370175409e-01
9.475350609951649350e-01
9.475458055278267455e-01
9.476733964310604108e-01
9.477928992609406800e-01
9.480766340578345996e-01
9.483816810037222211e-01
9.486388274253655384e-01
9.486996397710613094e-01
9.489182245876603972e-01
9.491622266827214327e-01
9.493373465996430838e-01
9.493758270770300545e-01
9.502055917673488672e-01
9.503673327168488116e-01
9.505245958813883789e-01
9.506859260795227362e-01
9.507744256306693842e-01
9.509298130419536754e-01
9.511103382691834529e-01
9.512540101458958341e-01
9.512982469343667091e-01
9.514237118594017772e-01
9.515519643882581757e-01
9.517058889982838998e-01
9.517089012847211871e-01
9.517252182851372311e-01
9.520014933646863131e-01
9.520481892173782157e-01
9.524111722753837439e-01
9.524434515066384499e-01
9.524769078041042114e-01
9.524827583478786552e-01
9.525216051313969423e-01
9.536525432040949823e-01
9.538031180769310780e-01
9.538580242547053389e-01
9.539617900953475393e-01
9.543404973061156982e-01
9.543818337356230197e-01
9.546681813396203919e-01
9.548051296682633637e-01
9.549488645819641519e-01
9.549521200432617984e-01
9.549858474096264427e-01
9.550251557753330900e-01
9.551081567753343382e-01
9.553766991759315985e-01
9.557969447605277891e-01
9.558563511327864415e-01
9.560101964763272342e-01
9.561194712827720821e-01
9.566698891079314926e-01
9.567290090365305755e-01
9.573640911736149839e-01
9.578552204751664689e-01
9.580834200219529029e-01
9.584351506028496726e-01
9.586775311282454970e-01
9.588163381365019111e-01
9.589195823878833291e-01
9.592163824188275623e-01
9.597426240816311349e-01
9.598492895661412394e-01
9.598965720153220804e-01
9.605820665367778011e-01
9.607252750016616050e-01
9.611190971105195713e-01
9.611356066836832523e-01
9.618010674865898890e-01
9.618341599124173857e-01
9.620793762244352898e-01
9.621559589016546177e-01
9.621693167708671446e-01
9.622069888251714165e-01
9.622202415300431522e-01
9.622984099663396407e-01
9.624739392343308886e-01
9.625912148988853279e-01
9.626378607733122594e-01
9.627886639983734840e-01
9.631516503647588046e-01
9.632069173483331914e-01
9.634934269177477528e-01
9.635832737158260830e-01
9.636039500924338252e-01
9.638003281194801319e-01
9.641844068222094055e-01
9.643224164262385045e-01
9.643836964854241023e-01
9.644337911487184112e-01
9.644756601272919116e-01
9.647737027187899272e-01
9.648795045679866567e-01
9.649049806098484172e-01
9.649743227241354138e-01
9.650950263142225038e-01
9.651593723084926912e-01
9.653231326102337251e-01
9.653464025496453216e-01
9.655767671582022871e-01
9.657300694811051800e-01
9.659161620259030245e-01
9.662340110740930132e-01
9.666910543428035574e-01
9.672157457525756286e-01
9.672594921957899938e-01
9.673949381236294220e-01
9.676954621606732587e-01
9.685766219720701731e-01
9.687898255285913862e-01
9.694973044147288110e-01
9.696243703726039609e-01
9.696649550469571555e-01
9.697595706488972844e-01
9.701092821937584709e-01
9.716049967060547132e-01
9.723659173204548534e-01
9.724427715388139770e-01
9.726475901053712736e-01
9.733374112905343045e-01
9.736090849834306837e-01
9.741896259563473937e-01
9.741995881693650272e-01
9.743750555026687854e-01
9.745916644355760994e-01
9.746958778316680005e-01
9.747551840146307933e-01
9.749517872278971042e-01
9.762469185752136180e-01
9.763929977268350768e-01
9.771353361218888534e-01
9.773272044175839168e-01
9.777012847686985531e-01
9.778767194053787914e-01
9.783543869744166788e-01
9.785312638841694444e-01
9.786689169235729402e-01
9.787068942241372582e-01
9.792032708047473388e-01
9.796024673562480078e-01
9.799719219668052705e-01
9.800983933588212071e-01
9.801692575254983275e-01
9.801978838867371202e-01
9.808223365639536784e-01
9.808622996776503733e-01
9.810329355098216242e-01
9.810708165323724916e-01
9.811105481544254436e-01
9.813312947661065877e-01
9.816232288802979600e-01
9.816575595039027657e-01
9.816689848556889864e-01
9.822817224662545588e-01
9.823767096753659445e-01
9.823890209378371985e-01
9.827416469998173643e-01
9.831038248420610470e-01
9.833165830838613841e-01
9.837700134835510868e-01
9.837786520405160662e-01
9.841026428199604048e-01
9.841088681128263849e-01
9.842707726295636395e-01
9.843745651889626025e-01
9.846390840435040870e-01
9.848984644175122760e-01
9.851501566111496855e-01
9.851756273217090465e-01
9.852065155677935948e-01
9.853359469528095715e-01
9.854616371504444361e-01
9.858436258767456772e-01
9.858704894771749272e-01
9.859061502588475356e-01
9.861322871535029844e-01
9.862145469883287774e-01
9.862871396739526508e-01
9.867516564387609490e-01
9.870481243494408918e-01
9.873090826848671675e-01
9.873809241008457693e-01
9.876314154928373945e-01
9.877138963651641568e-01
9.880047047474126432e-01
9.887525889639672272e-01
9.889827807081308375e-01
9.892094656441829947e-01
9.894786242524431508e-01
9.899943408050313476e-01
9.900534162189308374e-01
9.901823243266630881e-01
9.903964925593748969e-01
9.904812748967894986e-01
9.906548208199958960e-01
9.908311440391176506e-01
9.909162563438937976e-01
9.911060056560824227e-01
9.914418051048500269e-01
9.920063800958079936e-01
9.920552151377447503e-01
9.920734086505972327e-01
9.921025913027522458e-01
9.921428970829972993e-01
9.922409879800064836e-01
9.922424518305288377e-01
9.923187194696614366e-01
9.924077519114467005e-01
9.925344052617723900e-01
9.926526832316151516e-01
9.926949660036469281e-01
9.927687565950705784e-01
9.932895673003194759e-01
9.933864880227220029e-01
9.934492393128927512e-01
9.936593863557572348e-01
9.938454188881524765e-01
9.940199535991890434e-01
9.943115931277151098e-01
9.953524336182185683e-01
9.958408843737784899e-01
9.959845447339720215e-01
9.960291346513791000e-01
9.960731811545340264e-01
9.962194916420453739e-01
9.966890936882704111e-01
9.970087324807321849e-01
9.973881352874593986e-01
9.975678556346652126e-01
9.976108201489499727e-01
9.976191484013596789e-01
9.976803278986848822e-01
9.977125746580695065e-01
9.982246531545205803e-01
9.985122858570482096e-01
9.990262770579181328e-01
9.992048851742716398e-01
9.994088176278816960e-01
9.994649724068502827e-01
9.995109818946517066e-01
9.995688337688974912e-01
9.996473839903456948e-01
9.998676440921725472e-01
1.000350442354523306e+00
1.000437777780128767e+00
1.000591377089633749e+00
1.000871517119509058e+00
1.000919754982663612e+00
1.001692029095502701e+00
1.001745355427474671e+00
1.001870195528950180e+00
1.002005756907402345e+00
1.002390503628590945e+00
1.002996870015059105e+00
1.003058884136371898e+00
1.003287875999229417e+00
1.003372893996406612e+00
1.003952942599138254e+00
1.004226267299466402e+00
1.004413714152498249e+00
1.004993710103906368e+00
1.005005945251001620e+00
1.005163070472685938e+00
1.005211638147975872e+00
1.005418502013158744e+00
1.005770952923584760e+00
1.005901897598705297e+00
1.006046564567543600e+00
1.006376712045748745e+00
1.006377810418219498e+00
1.007270888035718848e+00
1.007415365364026982e+00
1.008153582719066410e+00
1.008394287947083301e+00
1.008430264905385565e+00
1.008894992100895394e+00
1.010052821825831115e+00
1.010190431993476690e+00
1.010263870644987572e+00
1.010615421430182792e+00
1.010625770450001237e+00
1.010648858019020713e+00
1.010828473202221911e+00
1.010850955763640036e+00
1.011228465814679289e+00
1.011404345574936192e+00
1.011944089305314431e+00
1.011963775373141416e+00
1.012127909083619715e+00
1.012349934140575280e+00
1.012657386059895526e+00
1.012691788645887492e+00
1.012986788087297141e+00
1.013385535697805873e+00
1.013438183241594626e+00
1.013587485500301533e+00
1.013860464068728318e+00
1.013994995682102385e+00
1.014083678956538392e+00
1.014390491378921233e+00
1.014757344469582767e+00
1.015038979783660977e+00
1.015346755053325944e+00
1.015625169002331019e+00
1.015639808081449713e+00
1.015677295805476499e+00
1.015790327620227806e+00
1.016169947381980521e+00
1.016265710454496762e+00
1.016325112818407650e+00
1.016806057228754501e+00
1.016951690055658108e+00
1.017054945625676554e+00
1.017623416649808377e+00
1.018173828506214296e+00
1.018402811860315671e+00
1.019349785258204077e+00
1.019738736537186163e+00
1.019848446525966956e+00
1.019949492564449889e+00
1.020042021482940209e+00
1.020469273458762594e+00
1.020515876875347283e+00
1.020687498742701482e+00
1.020764755114470512e+00
1.020830932843449945e+00
1.020945850757233320e+00
1.021094437717607217e+00
1.021109236553711330e+00
1.021206642626464545e+00
1.021451852467223809e+00
1.021877740365003895e+00
1.021886870368666766e+00
1.022037675038711901e+00
1.022072098993967337e+00
1.022140687077294219e+00
1.022816844363432232e+00
1.023851019667163964e+00
1.024053313623252803e+00
1.024395529031179031e+00
1.024545459243739742e+00
1.024567648971356437e+00
1.024667976766586275e+00
1.025426860261630324e+00
1.025780042602817410e+00
1.026168648462175481e+00
1.026211482872446457e+00
1.026389822456587941e+00
1.026469126796496933e+00
1.026635472926589188e+00
1.026841283997002474e+00
1.026921530408103411e+00
1.027655117992803735e+00
1.027731119908108726e+00
1.027805974131945188e+00
1.028400581533814417e+00
1.028412434921512020e+00
1.028461254731149355e+00
1.028487768848118211e+00
1.028975708784159560e+00
1.029750112449322685e+00
1.029826526640528872e+00
1.029849402290004434e+00
1.030117892924440559e+00
1.030286659320506226e+00
1.030683399729247052e+00
1.031069625988452643e+00
1.031206994320724046e+00
1.031256767712977140e+00
1.031370503106836312e+00
1.031672720413967292e+00
1.031880481946195971e+00
1.032039548902148107e+00
1.032058250837487590e+00
1.032453709122427510e+00
1.032767649400905707e+00
1.032907301586853510e+00
1.033100399641228018e+00
1.033224233933214720e+00
1.033482205155499045e+00
1.033923895602507415e+00
1.033931210020263780e+00
1.034755411244114853e+00
1.035033219683429762e+00
1.035138603865525919e+00
1.035146080639468558e+00
1.035387122696536988e+00
1.035562634312157115e+00
1.035612739189891274e+00
1.036012313077256941e+00
1.036260652180383213e+00
1.036361724693988240e+00
1.036754581493213534e+00
1.037182148379237612e+00
1.037213322560956996e+00
1.037240436319209147e+00
1.037984492099061296e+00
1.038341293957569356e+00
1.038379886220684112e+00
1.038406751842852360e+00
1.038694376339585723e+00
1.039125629985336419e+00
1.039336993465586501e+00
1.039701252328636638e+00
1.040088769107211153e+00
1.040231852437471405e+00
1.040526443200154638e+00
1.040549085222920889e+00
1.040923702249849869e+00
1.041071767700949557e+00
1.041167253124483549e+00
1.042216000809217391e+00
1.042348217882073325e+00
1.042355485539476323e+00
1.042525354187511022e+00
1.042570867035964133e+00
1.042622026169414129e+00
1.043021093110889419e+00
1.043347921814160806e+00
1.043726665714746593e+00
1.043893991053346459e+00
1.044315831469878164e+00
1.044421249994870848e+00
1.044653828689008801e+00
1.044817051170078503e+00
1.045003315491019880e+00
1.045172501980592417e+00
1.045555655096609415e+00
1.045919311915229022e+00
1.046079427351433333e+00
1.046694031265309688e+00
1.046990162132797275e+00
1.047515531423756974e+00
1.047570394760459100e+00
1.047582226565952457e+00
1.047681276151030128e+00
1.047948427798746529e+00
1.048222194386990269e+00
1.048318280410755587e+00
1.048321375181866744e+00
1.048681087267050671e+00
1.048722588376959752e+00
1.049122404716520851e+00
1.049398778090798068e+00
1.049421273376337949e+00
1.049785706733793234e+00
1.049880363256165516e+00
1.050047331217476732e+00
1.050108478186729588e+00
1.050242686360360223e+00
1.050481957656315579e+00
1.050499931999177683e+00
1.050786313151851115e+00
1.051042843389410120e+00
1.051812559882341791e+00
1.051828636817974783e+00
1.051857633148539639e+00
1.051857785858880678e+00
1.051901775145422491e+00
1.051960645577361575e+00
1.051997697747824922e+00
1.052256517083657528e+00
1.052373824584261097e+00
1.052396863392972115e+00
1.052876009516891864e+00
1.053141913475250879e+00
1.053216329751120561e+00
1.053284395861524336e+00
1.053648122548027644e+00
1.053884637816378200e+00
1.054056925624897723e+00
1.054393857672289103e+00
1.054935607927355079e+00
1.055000930838429607e+00
1.055363859630616963e+00
1.055421296581700918e+00
1.055504437220895486e+00
1.055642768114752217e+00
1.055685012411983648e+00
1.055944595494159977e+00
1.056742435588923001e+00
1.056874032408728681e+00
1.057763361610960740e+00
1.057846198143367111e+00
1.058790714215342321e+00
1.058839114067256393e+00
1.059273621433978629e+00
1.059701313116455879e+00
1.060526386864654613e+00
1.060571041292945216e+00
1.060608618218044752e+00
1.061079403959414247e+00
1.061118136850152105e+00
1.061213735339134434e+00
1.061263700747070660e+00
1.061271130012129804e+00
1.061283604820340010e+00
1.061533277803927477e+00
1.061746485448602728e+00
1.061787661599980837e+00
1.061989529318028591e+00
1.062011666344309546e+00
1.062359021025090833e+00
1.062618767128451935e+00
1.063043573796520924e+00
1.063170308442747736e+00
1.063200920562882956e+00
1.063784963833551922e+00
1.064031788274147017e+00
1.064159367764496933e+00
1.064611610763033456e+00
1.064802648569973087e+00
1.065034418916033454e+00
1.065060265176375642e+00
1.065063344615424734e+00
1.065078259907192626e+00
1.065184311134768524e+00
1.065223400127472519e+00
1.065314136967656866e+00
1.065433146003843534e+00
1.065592789732161982e+00
1.065713008637235282e+00
1.065868182233822736e+00
1.065982465403477297e+00
1.065985509010642041e+00
1.066344847511659699e+00
1.066400418657163840e+00
1.066825682390255770e+00
1.067123651989156707e+00
1.067447883166602329e+00
1.067657821883987612e+00
1.067974641855304441e+00
1.068048871768965791e+00
1.068065264502882972e+00
1.068472664173940156e+00
1.068851066237578307e+00
1.068939414597629423e+00
1.068973001220518748e+00
1.069032763026845689e+00
1.070255218745086445e+00
1.070462993561598575e+00
1.070820527194328298e+00
1.070951383833464332e+00
1.071101125338584925e+00
1.071290013280137288e+00
1.071811650570451357e+00
1.071851219745324268e+00
1.072144586371691410e+00
1.072283826158911157e+00
1.072413997355981419e+00
1.072491995453471514e+00
1.072578209083598466e+00
1.072700662174130626e+00
1.073000149517058688e+00
1.073065737507325590e+00
1.073331525875466763e+00
1.073687055536383106e+00
1.074311515851155363e+00
1.074383600087119195e+00
1.074582541870806374e+00
1.074663896355574799e+00
1.074678914755303749e+00
1.074760018126898142e+00
1.074884481142508008e+00
1.075334384118875164e+00
1.075652756054396031e+00
1.075916736356232084e+00
1.076160271291255688e+00
1.076352203183532419e+00
1.076391474333253218e+00
1.076591054617483056e+00
1.076687531186412805e+00
1.076734210995831109e+00
1.076839706558288423e+00
1.076869506294704237e+00
1.076960789086837567e+00
1.077126598008697034e+00
1.077393264296430786e+00
1.077401333954500551e+00
1.077510091051520957e+00
1.077879175781752519e+00
1.077968627938645563e+00
1.078158671901778165e+00
1.078170698661323090e+00
1.078361840407503935e+00
1.078487730888018969e+00
1.078593180025726905e+00
1.078599050576839025e+00
1.078676564161591189e+00
1.079574518426681617e+00
1.079777362985531397e+00
1.079871307586119489e+00
1.079994798848260329e+00
1.080326465654354307e+00
1.080379832239910076e+00
1.080782025668212576e+00
1.081263460040778224e+00
1.081917767701588762e+00
1.082187575406694524e+00
1.082336558499966683e+00
1.082737751645826751e+00
1.082894911525354775e+00
1.083009918504069136e+00
1.083126668786163371e+00
1.084434872700145380e+00
1.084535335293330460e+00
1.084669950045173081e+00
1.084760861928373288e+00
1.084811598466072891e+00
1.084879207190737826e+00
1.084926114757084559e+00
1.085299357802570031e+00
1.085621033332202723e+00
1.085674371026645879e+00
1.086025416875951333e+00
1.086135927262537271e+00
1.086474808978596496e+00
1.086477609646406606e+00
1.087078632193481775e+00
1.087184940118559595e+00
1.087345524085138626e+00
1.087400839230687311e+00
1.087808427625051699e+00
1.088155992292679120e+00
1.088196152075829204e+00
1.088211979784134531e+00
1.088279711766070523e+00
1.088419080742978329e+00
1.088427909840746555e+00
1.088518120334321715e+00
1.089123270308416380e+00
1.089502934206050710e+00
1.090595948481677624e+00
1.091420929909558968e+00
1.091580999921047512e+00
1.091821256690822972e+00
1.092259752136744089e+00
1.092409286209613972e+00
1.092491649172655066e+00
1.092858885178004336e+00
1.092909252737196857e+00
1.092965346337222421e+00
1.092966666624930028e+00
1.093073247115525337e+00
1.093129559988395894e+00
1.093203320287485125e+00
1.093428770640167080e+00
1.093784566433633421e+00
1.093805434531075926e+00
1.094324453554260668e+00
1.094451108364093539e+00
1.094576685640522573e+00
1.094754128665499593e+00
1.094835803973831290e+00
1.095378083175599704e+00
1.095487895083019136e+00
1.095888285392831119e+00
1.095925186063613221e+00
1.096273497648510897e+00
1.096308608095710957e+00
1.096476331366114776e+00
1.096888107250023392e+00
1.096942155208454395e+00
1.097234523933072303e+00
1.097380366672700225e+00
1.097390282039196530e+00
1.097613354576190137e+00
1.097707879710202228e+00
1.098331610419416071e+00
1.098795519110205232e+00
1.099100959196243510e+00
1.099105932792594054e+00
1.099128734451956912e+00
1.099391458140119182e+00
1.099576608334252636e+00
1.099598380862846003e+00
1.099672740146610428e+00
1.100149511170857464e+00
1.100332485141582772e+00
1.100683341605003918e+00
1.100786450758391322e+00
1.100974462976518131e+00
1.101095554931416975e+00
1.101127023444375741e+00
1.101288987953009002e+00
1.101470059568939508e+00
1.102448932268287329e+00
1.102603945914474748e+00
1.102684166133282684e+00
1.102978389076212151e+00
1.103140638474005675e+00
1.103321265574324084e+00
1.103522709756112885e+00
1.103539604087287795e+00
1.103542194331421200e+00
1.103728734612959839e+00
1.103953193150563727e+00
1.103958605714619345e+00
1.104659883596381897e+00
1.104796132386709928e+00
1.104868124978751309e+00
1.105297326872852537e+00
1.105430291280125488e+00
1.105521264779164348e+00
1.106019532777525072e+00
1.106189973677541127e+00
1.106637642727233750e+00
1.106682555986143290e+00
1.106883978764089171e+00
1.107190249692375117e+00
1.107263609789272962e+00
1.107621772712612529e+00
1.107729442560002164e+00
1.107973245200887025e+00
1.108211758620016640e+00
1.108647240698615644e+00
1.109281816636399354e+00
1.109454226398361776e+00
1.110202809600375984e+00
1.110369614555255069e+00
1.110503719632612185e+00
1.110537878030269487e+00
1.110636133961180549e+00
1.111542358636025574e+00
1.111916930635368006e+00
1.112112742855712266e+00
1.112682020525410209e+00
1.112759402139021248e+00
1.113939159901350839e+00
1.113988147888152813e+00
1.114244641695422589e+00
1.114369277401446645e+00
1.114481216765778715e+00
1.114662858331888939e+00
1.115135975837695748e+00
1.115855975337626038e+00
1.116007132245601330e+00
1.116296734430231252e+00
1.116407670958549758e+00
1.116435252789314880e+00
1.116469082885992892e+00
1.116827121261027234e+00
1.116867145367579361e+00
1.117332886648866541e+00
1.117526490192379818e+00
1.117541612270322116e+00
1.117991778226623323e+00
1.118338451771168307e+00
1.118433850898015613e+00
1.119617308542669054e+00
1.119725635588499468e+00
1.119740207341089810e+00
1.119943119980907342e+00
1.120476550227067269e+00
1.120501889115858463e+00
1.120648112957988163e+00
1.120682501269637976e+00
1.121069856126659436e+00
1.121089257669161787e+00
1.121379732385964445e+00
1.121430778659097793e+00
1.121525903701360738e+00
1.121690112675691076e+00
1.122273719492720812e+00
1.122478079643557169e+00
1.122698439244296464e+00
1.122920307126927364e+00
1.123264123104904755e+00
1.123486841089281763e+00
1.123566516801276505e+00
1.123709570431282501e+00
1.124186674488265592e+00
1.124273350334326071e+00
1.124423811772453874e+00
1.124590553551590988e+00
1.124609287044687544e+00
1.124875621879740217e+00
1.125313418349901839e+00
1.125608306437420048e+00
1.126233978597424690e+00
1.126471286423676554e+00
1.126608401222500389e+00
1.126683581537177181e+00
1.127826578022376847e+00
1.127885372286025811e+00
1.128084706600170239e+00
1.128400157785172997e+00
1.128820068043359104e+00
1.129215645284707747e+00
1.129526515966941203e+00
1.130059607012134482e+00
1.130076822195315467e+00
1.130216561310403378e+00
1.130404583422681464e+00
1.130499298465159619e+00
1.130513188427609617e+00
1.130978227863566277e+00
1.130985419675854864e+00
1.131505937542862883e+00
1.131554295734823246e+00
1.131861099736407805e+00
1.132242268230578386e+00
1.132245812531222473e+00
1.132251044328937084e+00
1.132259407668839479e+00
1.132381953931338447e+00
1.133134675326803453e+00
1.133474132259793876e+00
1.133792242926301430e+00
1.133808381738628412e+00
1.133860449448964580e+00
1.134070217418473581e+00
1.134153683819510317e+00
1.134190791689943412e+00
1.134363393985000634e+00
1.134520577985900447e+00
1.134560188118425295e+00
1.134702816385256163e+00
1.134816998072690097e+00
1.135044517312891355e+00
1.135390673612186596e+00
1.135518137994189658e+00
1.135666475070120640e+00
1.135926708392412054e+00
1.136362488341254195e+00
1.136470565282412082e+00
1.136624002078600482e+00
1.136740280638351530e+00
1.136848854553873966e+00
1.136911917460076360e+00
1.136913051307903100e+00
1.137238017136959822e+00
1.137261453638756858e+00
1.137467556548976910e+00
1.137680305562556615e+00
1.137851420922342705e+00
1.138343089710026179e+00
1.138814981474739474e+00
1.139322267543549261e+00
1.139395750712982602e+00
1.139452175352434482e+00
1.139598450671629903e+00
1.140718062264986843e+00
1.140786776849034290e+00
1.140817538570691791e+00
1.141625756193022312e+00
1.141811689772215477e+00
1.142745083106414539e+00
1.142753508164334075e+00
1.142787556979622865e+00
1.142868102605645753e+00
1.143268881758078503e+00
1.143756353526517389e+00
1.144264320034135141e+00
1.144722993025244051e+00
1.144824085428564064e+00
1.144977363241719726e+00
1.145132321773298489e+00
1.145350441688479659e+00
1.145401925207390814e+00
1.145438065929517357e+00
1.145710427965328071e+00
1.145954496212411300e+00
1.146068860086692620e+00
1.146705198656540858e+00
1.146720322324654040e+00
1.147653115684883263e+00
1.147981541485589396e+00
1.148031430368736450e+00
1.148145933669088015e+00
1.148308098421625623e+00
1.148422043111913204e+00
1.148680163170550328e+00
1.148829693980879529e+00
1.148905988805630329e+00
1.149920176142172901e+00
1.150071848441149402e+00
1.150176672869255956e+00
1.150446783417703678e+00
1.150465777951821478e+00
1.151098469784481937e+00
1.151353596683694747e+00
1.151419878175410139e+00
1.151447075355613414e+00
1.151549209083965186e+00
1.152047146653278231e+00
1.152982011724389411e+00
1.153020046971989121e+00
1.153311954120524563e+00
1.153956442917126957e+00
1.154114227249875224e+00
1.154210477248741373e+00
1.154244223374783163e+00
1.154299506167018929e+00
1.154576431448447682e+00
1.154606045648600032e+00
1.154645023150828287e+00
1.154866675828179368e+00
1.154914078156430213e+00
1.154939070412339230e+00
1.155103564550179929e+00
1.155110065616206994e+00
1.155143758098495343e+00
1.155151681666098717e+00
1.155175105594047791e+00
1.155291495796016754e+00
1.155660963427264543e+00
1.155796944313298713e+00
1.156069610695649619e+00
1.156299681687500858e+00
1.156603129920857009e+00
1.156826757809725104e+00
1.156836730266421087e+00
1.157063837900933922e+00
1.157319044049838208e+00
1.157393012459298820e+00
1.157601934752053863e+00
1.157604257436163353e+00
1.157612180994833873e+00
1.157729789544857502e+00
1.157816985854705383e+00
1.158265901286615218e+00
1.158526835944148292e+00
1.158680793698874556e+00
1.158796837772167354e+00
1.158852261957295848e+00
1.158962133009640016e+00
1.159197579338808737e+00
1.159880432546608775e+00
1.159993226368857711e+00
1.160366168186014901e+00
1.160492230431832361e+00
1.160992587943454168e+00
1.161197337583024680e+00
1.161482393531036994e+00
1.161610466835030442e+00
1.162099995654659601e+00
1.162378180607531508e+00
1.162422850170812927e+00
1.162518665648118343e+00
1.162582810420258905e+00
1.162602093272545600e+00
1.162645573240979946e+00
1.162750069873765391e+00
1.163306502295443856e+00
1.163418405587689719e+00
1.164324721993927669e+00
1.164411391752664615e+00
1.164558679169091171e+00
1.164696963628323978e+00
1.165082308641968600e+00
1.165556657411334074e+00
1.165614518773911312e+00
1.165624200814366684e+00
1.165943535655205254e+00
1.165990602600079917e+00
1.166326003865165051e+00
1.166671476220173087e+00
1.166686695673072816e+00
1.166761209290107626e+00
1.166963168208307700e+00
1.167002668243983132e+00
1.167483954652364098e+00
1.167733950659779474e+00
1.168165767341303951e+00
1.168198323331523403e+00
1.168249293371498077e+00
1.168553053227569860e+00
1.168617319536217503e+00
1.168786649457569826e+00
1.168842632945652049e+00
1.168960329031936585e+00
1.169164762826405024e+00
1.169178366034840266e+00
1.169271284679798129e+00
1.169349488165531747e+00
1.169693101289638104e+00
1.169799208682908542e+00
1.170651395372193315e+00
1.170818959380632851e+00
1.170849323879997961e+00
1.171031153130611013e+00
1.171273931452454731e+00
1.171717715618912470e+00
1.172696378653012461e+00
1.172831080662994019e+00
1.172914436533073257e+00
1.172934268656339984e+00
1.173765367034818485e+00
1.173970336712873319e+00
1.173990413574430347e+00
1.174093773802167284e+00
1.174144332035651495e+00
1.174611851798035955e+00
1.174636321503363945e+00
1.174794140901241235e+00
1.175134614922804133e+00
1.175213795466227840e+00
1.175240808558872807e+00
1.175287746756371376e+00
1.175573438158448392e+00
1.175944486861318250e+00
1.176266198885922876e+00
1.176279144150838674e+00
1.176549240860952805e+00
1.176659243542932831e+00
1.177285877543789105e+00
1.177290694431650131e+00
1.177404694076379599e+00
1.177532716112044575e+00
1.177913200204718347e+00
1.177925519524198883e+00
1.178098194977497348e+00
1.178513466011762878e+00
1.179284517249756581e+00
1.179347947654177720e+00
1.179845789843433135e+00
1.179957546140291136e+00
1.180020991793375273e+00
1.180023139726612325e+00
1.180413880106211844e+00
1.180628564537607339e+00
1.180728614641348040e+00
1.180744033910149149e+00
1.180840139960723789e+00
1.180920293864744508e+00
1.181293902104452620e+00
1.181341003091478825e+00
1.181362198836969579e+00
1.181641559592683688e+00
1.181687333592335021e+00
1.181797738269104947e+00
1.182082433688298906e+00
1.182381142573271537e+00
1.182417961804792306e+00
1.182856096086922548e+00
1.182996730242092731e+00
1.183145212468460938e+00
1.183181392536928334e+00
1.183675373497538708e+00
1.183816605103467090e+00
1.184257381282432631e+00
1.184765274974370008e+00
1.185080504222563169e+00
1.185106313650606147e+00
1.185573405512160505e+00
1.185611995616978831e+00
1.185887965669988775e+00
1.186569259888280659e+00
1.186581108471536306e+00
1.186799685666217741e+00
1.186908265987731470e+00
1.187607902095767054e+00
1.187720728977901263e+00
1.187754078601175767e+00
1.187755711301531569e+00
1.188039056530116655e+00
1.188324774439856846e+00
1.188997889332922719e+00
1.189055655588291849e+00
1.189324034398033803e+00
1.189579221267090592e+00
1.189691898918683544e+00
1.189700681138633920e+00
1.189807079535122991e+00
1.190903245352116890e+00
1.191121662462584441e+00
1.191274425627848688e+00
1.191279157946368183e+00
1.191305149479189751e+00
1.191886384458994641e+00
1.191932745236282454e+00
1.191988984062694712e+00
1.192006075622796146e+00
1.192415333988814385e+00
1.193066802560069473e+00
1.193387544976238779e+00
1.193969676855714646e+00
1.194333371364444840e+00
1.194412668665814525e+00
1.195202592833235933e+00
1.195547637227079241e+00
1.195962519447044903e+00
1.196732941850682908e+00
1.197212274729391623e+00
1.197423979651804915e+00
1.197540674739723032e+00
1.197590605419651899e+00
1.198007810744630142e+00
1.198082269332951810e+00
1.198133289466399409e+00
1.198188524516158537e+00
1.198362316232727487e+00
1.198422770692655570e+00
1.198573496507462144e+00
1.198942851474736004e+00
1.198963418476578724e+00
1.199094017791258793e+00
1.199405487205010168e+00
1.199653770057563351e+00
1.199731327517472357e+00
1.199755786478069686e+00
1.199774688418732804e+00
1.199838539569656470e+00
1.199985639556911732e+00
