3.211797198159770106e-02
3.421914690903576223e-02
7.231858492970248686e-02
7.286643524877270406e-02
7.295923174500995589e-02
7.913569984395564527e-02
8.064405067998867138e-02
8.512115557111379904e-02
9.057785825403026625e-02
9.367413408507921369e-02
1.008700777576270191e-01
1.106699852450234167e-01
1.113414180981919938e-01
1.124188993105027928e-01
1.127250213662459588e-01
1.173460222200220088e-01
1.178041066406101955e-01
1.212620439755815183e-01
1.214332003974773616e-01
1.265486361918385094e-01
1.278236813632022961e-01
1.311265446330994733e-01
1.330777266852122276e-01
1.353413068171482048e-01
1.382040954983288772e-01
1.386337709036688792e-01
1.452784882296226376e-01
1.469278427629020500e-01
1.517256135760125801e-01
1.525289521169427287e-01
1.554420692337405430e-01
1.568158963449334808e-01
1.591656252292916740e-01
1.653169900178117768e-01
1.654793653097761663e-01
1.661897025519425974e-01
1.681202606073347872e-01
1.694201902625397382e-01
1.694389240216527259e-01
1.711930844820919728e-01
1.762250755895787280e-01
1.765606474526323078e-01
1.797597686396036343e-01
1.803810879452647231e-01
1.808100931332329298e-01
1.810491689742727006e-01
1.821929513988492511e-01
1.839599715843051042e-01
1.841192136174963356e-01
1.861775993094544890e-01
1.882968170654678586e-01
1.899409526106609070e-01
1.906652058936633698e-01
1.928672207396500970e-01
1.928837095027173543e-01
1.943495078001880316e-01
1.946501247392196654e-01
1.947032156171269457e-01
1.949254633215743437e-01
1.988915359460392551e-01
1.990915154553883903e-01
1.993244941349888999e-01
2.012261543528856556e-01
2.022265343688744166e-01
2.030077308121790713e-01
2.036269070294228767e-01
2.094006193409082284e-01
2.117896287128787081e-01
2.135488753703129738e-01
2.141525501412026022e-01
2.141899223899157989e-01
2.143393849371484638e-01
2.154946936939906854e-01
2.203516899667261608e-01
2.210063458665135205e-01
2.214891220808705430e-01
2.235518360823132433e-01
2.249714907796432628e-01
2.253486032126834626e-01
2.258038939202622053e-01
2.259221180443926613e-01
2.272057935880088808e-01
2.287515698825710597e-01
2.304508578985290379e-01
2.329627801857694636e-01
2.333141116520077163e-01
2.338997789497386237e-01
2.362217731006399646e-01
2.390694482775837792e-01
2.392154989313995117e-01
2.415772281810171784e-01
2.416605913250748638e-01
2.417140284965496044e-01
2.419675368961746453e-01
2.420661917339159974e-01
2.422030176690589398e-01
2.430101987196545688e-01
2.464428327554839537e-01
2.468201163352236049e-01
2.471421029978631001e-01
2.473598447508211229e-01
2.477173416037426745e-01
2.538385151956238928e-01
2.540875001827595514e-01
2.553477227653424553e-01
2.559889619560001828e-01
2.562180633239966587e-01
2.568059258557057190e-01
2.568506461716093536e-01
2.576995356017545702e-01
2.582826373857334823e-01
2.584797890558349076e-01
2.590237759325575984e-01
2.591242518814607099e-01
2.593396551345638623e-01
2.622083646047408956e-01
2.628873909146900445e-01
2.643797850346749634e-01
2.646250431634027955e-01
2.649453532629669206e-01
2.650307923633502538e-01
2.665908388395504258e-01
2.668587907978670626e-01
2.669585042062249114e-01
2.676674873693182244e-01
2.686626275192419699e-01
2.700302028005913679e-01
2.702861206234305480e-01
2.717028780903163465e-01
2.736347968432294997e-01
2.737847895635422413e-01
2.751765898914499964e-01
2.753841974567769468e-01
2.756619531554028169e-01
2.769403437265471890e-01
2.779338320761918224e-01
2.799930541358651159e-01
2.809233555317340869e-01
2.809495987177873522e-01
2.813369659445280613e-01
2.825733752784817532e-01
2.835941455493073970e-01
2.842887543826316810e-01
2.848098258928487558e-01
2.861513300771623691e-01
2.865075144277041130e-01
2.871563061480474910e-01
2.889849596547954813e-01
2.903294572960216646e-01
2.915748278337969568e-01
2.928870887171436399e-01
2.941131534983514317e-01
2.942518847432898932e-01
2.946687246276591399e-01
2.951795587402991639e-01
2.963980760831556038e-01
2.964112046176921589e-01
2.968012569299297021e-01
3.016475134553691095e-01
3.018926168772479435e-01
3.025080009167697148e-01
3.027771601533509327e-01
3.030682772061144559e-01
3.049784039993634344e-01
3.058608129715396085e-01
3.070265793582568903e-01
3.070789691826826262e-01
3.075478815247244535e-01
3.076606906483836390e-01
3.080914710284666791e-01
3.085774311678800563e-01
3.089640896691192018e-01
3.093303335301758050e-01
3.095896630736230115e-01
3.099395478376479329e-01
3.102254851142647318e-01
3.102967390163018924e-01
3.110910402948662834e-01
3.119636250469342009e-01
3.141756935019613395e-01
3.142092410808466907e-01
3.145105157527420814e-01
3.155261324452591776e-01
3.171935685422480056e-01
3.174048041734213732e-01
3.178184568996221260e-01
3.191227134086483952e-01
3.191235935182764605e-01
3.193814604431727266e-01
3.210043974206576722e-01
3.212082209487722162e-01
3.213240715921614754e-01
3.214053959444597153e-01
3.222582618179723468e-01
3.225430701466751593e-01
3.232508185176672377e-01
3.240733365917760622e-01
3.250215280439705534e-01
3.262831504826982920e-01
3.285758768088376525e-01
3.294013546335712306e-01
3.305010173126303186e-01
3.314417698627557529e-01
3.318563533194414661e-01
3.342035299018234484e-01
3.346698602429175606e-01
3.371047254400243998e-01
3.387552651023487127e-01
3.387682864389294779e-01
3.398921893225519408e-01
3.410874202631369867e-01
3.411628511111952644e-01
3.416636711879926236e-01
3.424274659095896678e-01
3.434018013623427734e-01
3.465401652571465929e-01
3.467254884227747302e-01
3.467887660201240396e-01
3.487711002999492882e-01
3.494395678977402220e-01
3.494657487441241162e-01
3.503767648563361203e-01
3.526140768688942884e-01
3.526940559174421286e-01
3.529475449573387658e-01
3.540393395511867713e-01
3.542017633323888415e-01
3.544774164901108304e-01
3.551264227024490960e-01
3.557737042050542753e-01
3.565009848044251584e-01
3.592608317936223372e-01
3.595791132768820786e-01
3.595920151649198981e-01
3.597765447036610498e-01
3.604392843616780473e-01
3.611705479344597403e-01
3.628771655778173510e-01
3.632839703468445092e-01
3.653978958447358094e-01
3.670912838640843501e-01
3.691201730104937684e-01
3.691927192923307177e-01
3.696628557506199120e-01
3.703374896026008778e-01
3.706140909911294079e-01
3.722613179888107915e-01
3.725185650078095545e-01
3.728308370784400028e-01
3.730879190724142314e-01
3.733265078498382294e-01
3.735349476235690913e-01
3.739150990310067257e-01
3.741237520923827997e-01
3.742130599059110829e-01
3.744392059756420643e-01
3.747400407770408171e-01
3.750486886497290118e-01
3.754853746510996571e-01
3.764453368219673468e-01
3.765429506203351595e-01
3.768452695122612717e-01
3.776637091313562733e-01
3.780387100547511481e-01
3.780439421316524329e-01
3.787372776094172222e-01
3.792002204096106555e-01
3.799827993209791144e-01
3.802576004293438672e-01
3.803821551755751651e-01
3.814278688918015248e-01
3.817418601383657517e-01
3.818465001428277272e-01
3.819837895984665721e-01
3.822431943475535499e-01
3.828592713891085242e-01
3.834195110393103234e-01
3.839708830849764554e-01
3.844983945437868700e-01
3.851598432141063455e-01
3.852691412570061757e-01
3.855940365891170618e-01
3.876953692926237149e-01
3.877927004814599732e-01
3.878033857498480730e-01
3.884583998290845885e-01
3.894593697449416636e-01
3.895435423920621254e-01
3.902511990463937153e-01
3.909014327682202583e-01
3.914391898300456640e-01
3.921786354069464742e-01
3.929777008195264321e-01
3.944280733732970501e-01
3.954340974048551338e-01
3.957174022373435296e-01
3.958020525374816856e-01
3.959635534747658614e-01
3.965038603568687980e-01
3.965220450629048932e-01
3.968365020035333202e-01
3.977043101828329763e-01
3.980049885710870150e-01
3.985262578726477267e-01
3.987707192564083902e-01
3.988199730657991937e-01
3.992251300890559129e-01
3.992980005497004936e-01
4.000124518508343385e-01
4.004857631715069144e-01
4.007933419841359646e-01
4.012131644989394563e-01
4.020068919997314971e-01
4.024695688858807019e-01
4.026671576280363984e-01
4.027257646324884366e-01
4.027756128326292484e-01
4.035501654046707021e-01
4.038702223930957791e-01
4.042386415186922655e-01
4.060355138072712644e-01
4.062639208665245194e-01
4.067725679257477855e-01
4.068073293613945762e-01
4.076006621034733435e-01
4.078171986146337247e-01
4.080143683444716340e-01
4.083074360647112599e-01
4.088061385786119217e-01
4.098411468980710515e-01
4.101680606417774655e-01
4.103449383566680764e-01
4.103468080448744448e-01
4.106163951801029000e-01
4.110085937642998233e-01
4.126774716522894071e-01
4.130185871337625492e-01
4.130266517259847392e-01
4.131453574304431164e-01
4.155962450465350289e-01
4.159643142849908104e-01
4.162411145583410632e-01
4.166893149631787363e-01
4.166996276597757509e-01
4.172614781379835325e-01
4.176157725921818553e-01
4.184901919044325957e-01
4.210220648049300962e-01
4.210617130055840374e-01
4.211111965573830496e-01
4.216170929703721981e-01
4.226678750801611262e-01
4.228413768111642934e-01
4.228463313995540762e-01
4.230536706772922151e-01
4.231086009243585355e-01
4.231140241151346570e-01
4.232220506647782488e-01
4.234437156113703415e-01
4.235488231367076084e-01
4.237268700894958884e-01
4.238709991742798389e-01
4.239777744052199981e-01
4.244597230068969940e-01
4.254314883237897971e-01
4.257673986873246608e-01
4.261370530385225064e-01
4.267788761928355545e-01
4.268878440472064772e-01
4.279825897663822598e-01
4.305749958437719571e-01
4.314267066518172045e-01
4.321089475567237437e-01
4.333368873504329644e-01
4.334953910166977065e-01
4.335720731639823855e-01
4.336892624013324871e-01
4.347131574552006161e-01
4.347699060235391544e-01
4.353673092213354856e-01
4.356194369001176181e-01
4.363231478115919271e-01
4.365310002875583129e-01
4.366693070205371896e-01
4.366767035394330532e-01
4.369236921591963529e-01
4.370607825795980728e-01
4.373800441803615824e-01
4.380797819537108895e-01
4.387334483282647746e-01
4.388219376335995014e-01
4.392538285479349880e-01
4.394064225989737782e-01
4.395028687807363554e-01
4.406447989729375680e-01
4.413994564710091995e-01
4.417240156424401820e-01
4.422734079151827702e-01
4.427912590495584055e-01
4.429319426407219984e-01
4.429862056142402915e-01
4.430403074206958336e-01
4.431765759063893695e-01
4.435742202152517244e-01
4.440036830778780197e-01
4.446842976882746101e-01
4.452203702708975586e-01
4.453873361587706858e-01
4.459029796478013452e-01
4.461920328303484728e-01
4.468974316372726352e-01
4.474950175723502177e-01
4.475447881279009388e-01
4.482551016552592249e-01
4.482795845623552822e-01
4.487616233734127991e-01
4.502699976912782898e-01
4.506081636390516509e-01
4.507271040675727702e-01
4.513574640615150013e-01
4.517539793017490979e-01
4.527634064141184966e-01
4.535281418853815971e-01
4.538231833266515025e-01
4.540156571188081469e-01
4.542111274421589684e-01
4.544557043879967062e-01
4.551006353052335918e-01
4.557824538440847228e-01
4.565817963988085815e-01
4.568213025381420711e-01
4.569460144144993352e-01
4.575313020086569371e-01
4.578770403002714318e-01
4.586993560462926944e-01
4.588699709349444711e-01
4.593187393056389900e-01
4.595183265597364564e-01
4.600553216168471460e-01
4.604092507080620456e-01
4.607247495979687746e-01
4.609019185094280768e-01
4.627252408636284842e-01
4.634725692741910041e-01
4.637509095628332689e-01
4.643157602130815742e-01
4.651377606333400028e-01
4.657713441373064756e-01
4.667969023865047862e-01
4.682357873014756366e-01
4.683444721463333460e-01
4.685008326132595324e-01
4.687910761587262831e-01
4.689293190092141961e-01
4.697090139885894966e-01
4.704258564832380918e-01
4.704686996917306629e-01
4.721400200288924376e-01
4.726770525915149346e-01
4.728091790078270407e-01
4.729820904678574411e-01
4.731084969668081786e-01
4.732362078438581143e-01
4.732884119597344785e-01
4.735261241985732061e-01
4.740662593645551537e-01
4.740919778027548048e-01
4.744182176754901947e-01
4.745469871268978013e-01
4.749944231804495987e-01
4.750124130585824389e-01
4.755625104682459359e-01
4.768696555489344568e-01
4.772293865212906550e-01
4.774185908678729717e-01
4.777461927619938153e-01
4.781598493232632752e-01
4.782188060738710167e-01
4.783954361916203379e-01
4.798713244071394768e-01
4.805294334641554421e-01
4.811886056644470999e-01
4.815062179197818204e-01
4.816784797449341071e-01
4.820883439825818240e-01
4.822913291873469621e-01
4.827076989716272415e-01
4.828303585130333531e-01
4.835563550139959088e-01
4.836217247819616372e-01
4.839500485534874996e-01
4.845255804593672222e-01
4.851136740161161587e-01
4.861261365952304625e-01
4.863098752716388806e-01
4.869159414381433182e-01
4.874325130495829050e-01
4.878470679105494368e-01
4.878804787730127157e-01
4.883783553083280160e-01
4.891000327486256238e-01
4.895400424644159587e-01
4.900241040071001697e-01
4.910289358529527082e-01
4.914332953332178344e-01
4.921837090907240642e-01
4.929112548988461295e-01
4.931752262288209288e-01
4.935910191492052235e-01
4.941342268461509368e-01
4.948669071128235508e-01
4.963096455742849189e-01
4.964177436612322580e-01
4.977265350947897571e-01
4.982938371352787499e-01
4.983627159876992119e-01
4.989245197852207880e-01
4.990512484401289361e-01
4.992226762890202840e-01
4.994918931267313678e-01
4.995315323624212045e-01
4.997505482516920172e-01
5.003586843596161682e-01
5.004112082046222598e-01
5.006235544193491371e-01
5.011307309176262770e-01
5.020049794586383118e-01
5.022334390878229193e-01
5.027670277233362572e-01
5.027875924952432962e-01
5.029779586582078243e-01
5.034681789126868035e-01
5.036935735096550459e-01
5.039832656252152265e-01
5.040411351418333519e-01
5.044991892468549954e-01
5.045411988400717584e-01
5.048943489657153894e-01
5.049423585110461854e-01
5.051203377623620927e-01
5.060562654190577936e-01
5.062136663358769439e-01
5.062968937966014771e-01
5.063325931001185776e-01
5.082599277844074281e-01
5.090675839624736465e-01
5.092120234694910152e-01
5.094433664340676238e-01
5.103511664450705032e-01
5.105992578293259143e-01
5.113077688666037846e-01
5.114919895724308052e-01
5.116318906169826652e-01
5.116611406624702596e-01
5.117626395688568142e-01
5.118692879394975970e-01
5.119473600457911111e-01
5.123871907332476772e-01
5.124771393958810206e-01
5.130722869046765444e-01
5.134288675737703755e-01
5.136690226162680117e-01
5.141052550711673330e-01
5.142165607361826041e-01
5.148360481834295399e-01
5.151215845966435891e-01
5.156647852305895618e-01
5.157604828772983652e-01
5.157675348171841812e-01
5.161780732592069487e-01
5.163918026300030606e-01
5.168366364110524858e-01
5.175706094642630317e-01
5.177956133254888460e-01
5.181242263241961910e-01
5.182443004633022765e-01
5.184113423038105850e-01
5.185337503112835700e-01
5.186948250073943889e-01
5.190100932820699287e-01
5.190873866277772031e-01
5.193820809685741891e-01
5.198446629853575862e-01
5.199165575622003432e-01
5.199589078049144941e-01
5.206942016669349194e-01
5.209978678205462455e-01
5.214916105448654804e-01
5.217960917459129044e-01
5.218764801247277596e-01
5.222079578349407836e-01
5.222750017524458999e-01
5.231331909790080115e-01
5.237359029301884572e-01
5.239851812951574761e-01
5.242104023024523052e-01
5.245130109673920016e-01
5.252876363857557074e-01
5.255012585594327490e-01
5.273083098699735682e-01
5.273467453716177422e-01
5.274594076770949824e-01
5.279294863490046064e-01
5.286322194365997706e-01
5.287349795352839221e-01
5.289143491485389648e-01
5.291470294881311931e-01
5.304595014646699136e-01
5.308332711853902541e-01
5.315303038974188432e-01
5.319050547536643414e-01
5.329668810377052868e-01
5.331589289128315645e-01
5.332961630999635272e-01
5.341470151505763875e-01
5.343375482750216676e-01
5.349192984721418131e-01
5.355604546237140440e-01
5.360199949462906011e-01
5.360201263977695252e-01
5.360923617321662338e-01
5.366307029879804347e-01
5.368704342874064395e-01
5.368793484737912625e-01
5.371304976479669424e-01
5.378983246648957328e-01
5.383863071803429712e-01
5.387927192635082463e-01
5.389321089588166025e-01
5.391102209340901119e-01
5.391179665917897879e-01
5.403246250138729057e-01
5.407802663320927516e-01
5.408448564234986655e-01
5.410920056361377961e-01
5.420160241702862702e-01
5.421012160101206234e-01
5.430547231078064474e-01
5.430621398560624424e-01
5.436673606451581930e-01
5.439362599200091575e-01
5.443410477824069948e-01
5.445455417833156009e-01
5.445695277032965853e-01
5.451594526302219190e-01
5.459346667363454975e-01
5.467771841380286713e-01
5.468008761532354711e-01
5.471404979009805158e-01
5.471835430705416226e-01
5.472202420945151413e-01
5.473447612073044644e-01
5.475115454549355221e-01
5.476097877340927456e-01
5.479337826239972786e-01
5.479791925674077913e-01
5.480929545962101024e-01
5.483305574628539736e-01
5.484202641829662994e-01
5.489326674149798135e-01
5.503199991874188068e-01
5.509090059529244687e-01
5.509542450232866040e-01
5.518998233768869222e-01
5.520303113507596393e-01
5.520985013078814063e-01
5.522215035870751132e-01
5.523131968748025145e-01
5.527726633075845664e-01
5.530412415689012207e-01
5.535577304413898947e-01
5.548549143394482241e-01
5.552434694354051459e-01
5.554032954179234371e-01
5.555759183864380502e-01
5.563789678593392685e-01
5.564133665828500108e-01
5.568572730153515948e-01
5.572590372424792715e-01
5.573041132382067220e-01
5.574636608036251939e-01
5.578027074471196833e-01
5.586032912777917359e-01
5.586928002352926637e-01
5.589262945685141704e-01
5.590029407991430332e-01
5.601649453309813786e-01
5.603504770595840734e-01
5.604934531567953293e-01
5.605523206907229161e-01
5.606690354015255728e-01
5.608125809924089378e-01
5.612053913823085161e-01
5.622589284570344015e-01
5.625382479938363378e-01
5.636540424631302226e-01
5.640960524388805020e-01
5.642539418510568172e-01
5.642945335253605199e-01
5.650270735975710945e-01
5.664127618651291218e-01
5.666825027971975626e-01
5.670657766603613981e-01
5.685910316570180756e-01
5.688667100680003808e-01
5.690899250594848580e-01
5.691234335679645762e-01
5.695270068743502057e-01
5.697385789363448305e-01
5.705789877192489756e-01
5.716129347340404010e-01
5.721992009042671246e-01
5.734343627320983572e-01
5.735368326156877750e-01
5.735626464589839157e-01
5.740167402739021485e-01
5.751533841857507934e-01
5.758805099503887526e-01
5.762198651496759361e-01
5.763299360824967188e-01
5.763894148830975839e-01
5.768042029449266250e-01
5.779857965679603415e-01
5.781712352187508008e-01
5.784548733613883442e-01
5.794636126016849964e-01
5.795864562842110157e-01
5.801913756005079303e-01
5.805762639930135416e-01
5.806201297270126016e-01
5.806591564586495169e-01
5.814571819004048514e-01
5.816648545468663389e-01
5.816650674358899709e-01
5.819417057173298380e-01
5.822657725426805264e-01
5.824849881844856858e-01
5.825114331751801711e-01
5.826433040259493268e-01
5.827059832997396605e-01
5.834158431741590656e-01
5.839444057504903363e-01
5.841383873520530345e-01
5.843127020674941940e-01
5.843631271338902700e-01
5.854840599167800974e-01
5.856011844088477858e-01
5.860814924007845539e-01
5.862623856965663016e-01
5.864530476357485700e-01
5.866567995348197506e-01
5.867187523261809812e-01
5.867469429493541444e-01
5.869221238194765045e-01
5.869261007877376590e-01
5.870313876886635862e-01
5.873453451865814356e-01
5.874225973411790758e-01
5.890833927610004128e-01
5.894370828140982344e-01
5.896153587153525333e-01
5.902001599887870542e-01
5.902703319657953696e-01
5.904191978025243870e-01
5.907071805374981555e-01
5.912362608393112451e-01
5.915351270626646452e-01
5.924163669434330259e-01
5.926115317547728800e-01
5.927830571125218828e-01
5.929049676958750847e-01
5.931905831534998175e-01
5.932133184069521281e-01
5.938198892410079255e-01
5.938598458212611675e-01
5.943680773861739208e-01
5.945444197532565589e-01
5.946625255205525429e-01
5.949006824109003277e-01
5.950266747984604976e-01
5.950836993850090462e-01
5.956840301640774493e-01
5.957221600620128399e-01
5.957930366696962965e-01
5.959727191892730813e-01
5.961903803720047801e-01
5.962066143537800844e-01
5.963141864624208477e-01
5.965553607127536129e-01
5.980019515478164349e-01
5.981680731605216739e-01
5.982201052386311169e-01
5.985820614760408720e-01
5.989769357838001795e-01
5.997179896710432834e-01
5.997235774543060449e-01
5.999038403320775537e-01
6.000715286746759469e-01
6.003642277980526520e-01
6.005618412391590111e-01
6.012929579525392310e-01
6.017634150677445559e-01
6.022879434889550909e-01
6.029499307592983692e-01
6.031024535654259111e-01
6.031713396577595976e-01
6.034667864857661268e-01
6.036633990494680857e-01
6.036810551173905637e-01
6.038769302948927553e-01
6.041061704252241871e-01
6.042139154239264398e-01
6.044771916697002645e-01
6.048020101246809332e-01
6.049543981575233875e-01
6.053380086792611303e-01
6.054789894145241602e-01
6.055351472665750912e-01
6.057127254289140783e-01
6.057416212863312444e-01
6.058578666947770364e-01
6.059794017471675787e-01
6.060777073218681643e-01
6.061877618471784857e-01
6.063777607986928775e-01
6.073207022865872995e-01
6.074932788646617565e-01
6.077864426520526164e-01
6.086192998551789302e-01
6.090470131462761838e-01
6.091940729240918895e-01
6.092265119185198419e-01
6.093462674278169455e-01
6.095231399098763880e-01
6.095469066989396278e-01
6.097579280312388494e-01
6.098368900212407517e-01
6.104069545815723474e-01
6.104606130671841324e-01
6.104655537387218001e-01
6.113097424238936872e-01
6.114020990938116018e-01
6.117865064715705126e-01
6.123928510409968329e-01
6.124974282497133160e-01
6.127339537965278415e-01
6.130862111080332966e-01
6.137068133503624789e-01
6.138197245405514479e-01
6.140287169634204290e-01
6.143692143977718123e-01
6.145230369472047816e-01
6.159349248250718389e-01
6.160496264037867986e-01
6.165621225669626337e-01
6.166264717575767884e-01
6.168910715172264414e-01
6.171831666627318747e-01
6.174303387028236001e-01
6.175250135283584241e-01
6.176763926248560743e-01
6.177937475289501101e-01
6.181780708339957853e-01
6.184659172526221216e-01
6.185450230930935600e-01
6.187014647013212576e-01
6.189308942089466470e-01
6.189612796453047849e-01
6.190268935550983231e-01
6.195077365236756339e-01
6.202435448599803447e-01
6.202643674191599121e-01
6.203884758553650514e-01
6.209023582473416347e-01
6.209795308027348248e-01
6.212024370747839530e-01
6.215209715539919966e-01
6.216362360822691446e-01
6.220498978269812795e-01
6.223471647893166203e-01
6.226899075295089236e-01
6.241106596263171769e-01
6.242850641162613901e-01
6.253800851479732748e-01
6.254081884440720884e-01
6.259352416578621847e-01
6.262920826760811632e-01
6.264799960771121334e-01
6.265053523175715400e-01
6.265830552903054462e-01
6.267009357129108560e-01
6.269839697480992236e-01
6.272883036735681372e-01
6.281970053198838722e-01
6.283296842038672558e-01
6.285906335219758612e-01
6.294475441439343344e-01
6.297135507748287120e-01
6.297773565121955741e-01
6.299089182767619866e-01
6.300126594997016438e-01
6.301857695631453149e-01
6.315847314795146605e-01
6.317303576030852685e-01
6.319039314390062501e-01
6.335004538234727534e-01
6.337787333513297261e-01
6.344328308187253684e-01
6.345402852785473335e-01
6.346417086445844680e-01
6.347926031911703681e-01
6.348416446546306657e-01
6.351123405879938177e-01
6.352760599589484247e-01
6.353119898991916870e-01
6.359532072379896483e-01
6.360717766021777297e-01
1.023113352469734894e+00
1.087654910968135269e+00
1.132955260293691202e+00
8.742323146681998391e-01
9.838893490293710853e-01
1.090731839867077113e+00
8.367628421736656996e-01
1.141045461772375758e+00
1.040488722476608174e+00
9.855825019097389506e-01
1.177573699464539381e+00
1.153306164445005555e+00
1.122616883197187665e+00
1.013455636640570923e+00
1.176897923159983872e+00
1.157320165048596472e+00
9.446295821750991806e-01
1.004928030727636701e+00
9.512256529221545520e-01
1.086409568390449998e+00
1.122797409129292268e+00
1.107050046484104211e+00
8.204165742787503657e-01
1.069979110160576230e+00
1.171941007076719110e+00
9.709697738464329042e-01
8.705875361634261012e-01
8.296453971354225132e-01
9.516805211515535490e-01
1.056399272050040583e+00
9.067554677411076014e-01
1.030002635881188677e+00
1.043274201201695117e+00
1.166424439732206997e+00
1.085446610471203943e+00
8.513761982187485478e-01
1.121193086309734799e+00
1.159293112578052787e+00
8.102260162271912591e-01
1.143707728344369290e+00
9.884937056870183314e-01
8.335557335697920678e-01
1.097048928062641870e+00
1.115870143494978040e+00
8.123477439582720283e-01
1.093852866333452578e+00
1.019968212014463527e+00
1.150047829216778617e+00
9.104212845266899112e-01
9.274064147113163514e-01
1.012674248485943451e+00
1.021847414664856624e+00
9.647104928262147938e-01
1.100100357254389483e+00
1.126509855137396210e+00
1.003120120527936310e+00
1.183105707466372225e+00
1.079503266579854737e+00
8.292774248798093772e-01
1.127247297215944855e+00
1.143509825575802941e+00
1.005672545650135419e+00
9.025098923660411776e-01
1.033859975766922012e+00
8.526343031128599259e-01
1.006964834723489410e+00
8.664714886177611319e-01
8.681512174014353045e-01
1.061416405437435984e+00
9.624810791400432164e-01
1.148040064900590407e+00
9.188347260731397625e-01
1.136072959748195110e+00
9.062682202883314275e-01
9.388461744182097224e-01
8.086789768857505223e-01
9.794883728167432801e-01
1.169177862552919667e+00
9.460473512797398232e-01
1.116231748776896904e+00
8.798771437260205497e-01
1.021373712474604289e+00
1.188549840220067599e+00
1.010049253181476203e+00
1.010356206496004106e+00
1.186426870015471646e+00
9.006209663805126997e-01
1.190276355376773232e+00
1.193373807393309338e+00
