4.574508961340322671e-02
4.932408181281730530e-02
9.819986054913253104e-02
9.295347559542846416e-02
8.783496626182446532e-02
6.463937082746985807e-02
8.260090441895316660e-02
6.959414819473051794e-02
9.748748727819757376e-02
7.862201047729067138e-02
7.850937823440620744e-02
1.304768529666401437e-02
9.848632783105178146e-02
5.694801593990483218e-02
8.296609201663082689e-02
1.691715311883612571e-02
6.669735375465998817e-02
4.508596543743714075e-02
2.109703872448076556e-02
7.865506957148232781e-02
8.730403036629623414e-02
2.711694555576270663e-02
1.562842606544346744e-02
6.258963890361483873e-02
4.523977560646604001e-02
1.562457993714838666e-03
9.783059548590317123e-02
3.636470327035735972e-02
2.027059294398641034e-02
6.019016991072611428e-02
6.277604196523821345e-02
1.439293855476158138e-02
7.853612701517684314e-02
6.002157957952687639e-02
6.880014244793500322e-02
9.217733985769469007e-02
3.308662652600716930e-02
4.442022003017640636e-02
1.558697978264004386e-02
4.934578933631855735e-02
7.037062577149287568e-02
2.805075108092585159e-02
3.655754362884603564e-02
9.231751775262124482e-02
2.285184875504022925e-02
8.427624051196551391e-02
5.194158433896826216e-02
9.853377932581058873e-02
1.330214534312688240e-02
5.231981877188930652e-02
7.392844914214423413e-02
6.254478918491662709e-02
1.350020785909437221e-02
5.246878794021069686e-02
5.680010905719545811e-02
5.467169377478234282e-02
9.318378843407487677e-02
6.863048735138667367e-02
4.271101713320442361e-02
8.929225261067377795e-02
7.962018493548045361e-02
2.587283366386166142e-02
7.480199938276804739e-02
4.806952219667590120e-02
6.893502406897003554e-02
4.642483473727976724e-05
7.442383502532073924e-02
3.174055763240973133e-02
9.991911776358343086e-03
1.380847368565418787e-03
7.908796741195306401e-02
2.750685024643993032e-02
1.342919719097599579e-02
4.663251207388841024e-02
5.288515216380266365e-02
8.984093903279555260e-02
6.950836494191085790e-02
3.814041873725394771e-02
6.366219213871138205e-02
3.162226058251641631e-02
2.410723178695350910e-02
3.451943364962817284e-02
4.687090752699740737e-02
4.108907090729555650e-02
3.397536508745570977e-02
5.947185672806637458e-02
1.025192911559458242e-02
2.992382598981577907e-02
4.037719002486317953e-03
3.871792350163756613e-02
3.032026920282036159e-02
7.217809116513544676e-02
3.999968868989652038e-02
4.841942598698465577e-02
9.120470878462827100e-03
6.722178439520884452e-02
2.840443715239928876e-02
9.225950481659772953e-03
2.684889373329001419e-02
7.161331418931597692e-02
7.376352962081333953e-02
6.812404516275757937e-02
7.442572781839332241e-02
4.093317615136771170e-02
6.048834794659581349e-02
1.670455262890701079e-02
3.563328390141253660e-02
3.960133215576031734e-02
7.929070803876107909e-02
5.043608312753072170e-02
6.736572478115966656e-02
4.913364190488620636e-02
7.630515268622706584e-03
6.326145119470691358e-02
9.226003519044978854e-03
4.168504122212954993e-02
9.177638928087401837e-02
5.339726929983393960e-02
8.644029001504326126e-02
8.931876718332737441e-02
5.101697607322187855e-02
9.552790833499903017e-03
4.195646186737838484e-02
9.779058936578546857e-02
7.936472372421131405e-02
1.467697950086497422e-02
4.657017087443394987e-02
8.473949871692688929e-02
9.224775136455024005e-02
9.505623818649938661e-02
1.434690496246250439e-02
8.829753537322275470e-02
8.825969325265074772e-02
2.487335834617888930e-02
8.478120223903953812e-02
3.379477347398359560e-02
4.018308002428927495e-02
1.744477599402560926e-03
7.424340482144918540e-02
8.265385092821747604e-02
9.559046379550288630e-02
9.801955724871475040e-02
7.831606767681453807e-02
8.436859031922283592e-02
6.608702446971657929e-02
7.797914432486814651e-02
6.245844338527260092e-02
3.778344477607798249e-03
4.311145337576249674e-03
9.610498125129851577e-02
5.343329848891924944e-02
4.863143122899952348e-02
3.685731155141119819e-02
5.950652655270937536e-02
8.858141737031732799e-02
9.289778109023011377e-02
9.840647544431556371e-02
4.116727619504970820e-02
3.800192066867992546e-02
5.378272147902699724e-02
7.855952562664174355e-02
7.242971022543667758e-02
8.050731143864687731e-03
9.282978640860850561e-02
6.509715622625687759e-02
2.408308870798550258e-02
8.423209037684920020e-02
4.529757143086874521e-02
5.106214272778449026e-02
5.363221070216255687e-02
4.103197305867215677e-02
8.090440424636891059e-02
5.294002865782122813e-02
6.226327496173944542e-02
8.403820596597509629e-02
3.117278411359369894e-02
4.306288333252308864e-02
7.329723347048355993e-03
1.311224649169227124e-02
3.447930578133517887e-02
4.103764142998672648e-02
9.996646881452809705e-03
3.360194344803280053e-02
4.120008476056472718e-02
4.255653287313481553e-02
6.406741845740654417e-02
7.082497893034582492e-02
9.400011639507133143e-02
3.588125630311774644e-02
2.901441653847466537e-02
8.207373571590929895e-02
3.666197040686508535e-02
8.907564959584024847e-03
8.560665478132500894e-02
5.222006800177132757e-02
2.451005681710184680e-02
2.965644328219116041e-02
6.474247611971360727e-02
6.511061066278747700e-02
4.171152710650524731e-02
3.073605407884651836e-02
7.381397494938775339e-02
8.809903368258407974e-02
9.754598507991521505e-02
1.021032808973968975e-01
1.068940342712508540e-01
1.106663688164266079e-01
1.135688216483891622e-01
1.158384204882142027e-01
1.198725615556148621e-01
1.227052504063180782e-01
1.241722870843291748e-01
1.301823765563460134e-01
1.382667798437074436e-01
1.415397897666408333e-01
1.438949730766022062e-01
1.491739671521064015e-01
1.497777892471011396e-01
1.555950906461682770e-01
1.563556188746422770e-01
1.582704096090382928e-01
1.607250031173353966e-01
1.670094741751906309e-01
1.679457147874566514e-01
1.714669474277627503e-01
1.724954644740657184e-01
1.730293237048011745e-01
1.740150356343931892e-01
1.741693486611858577e-01
1.780457135060593832e-01
1.784822239052289150e-01
1.795096660892099294e-01
1.795556941806432660e-01
1.831929647809865114e-01
1.832275752705548877e-01
1.841239951361235416e-01
1.841393179507257172e-01
1.875745713827125516e-01
1.881567285645240339e-01
1.902782022725247046e-01
1.919308715377430752e-01
1.924283933942396163e-01
1.924323116003214262e-01
1.928623106887099037e-01
1.931297724202616362e-01
1.940952713195428780e-01
1.948536064130574064e-01
1.953089735392830595e-01
1.957421472045505206e-01
1.973888832802776772e-01
1.989981225598791148e-01
1.999001372474870641e-01
2.019988160065235017e-01
2.023435441528998457e-01
2.035261891996909545e-01
2.043086463774919648e-01
2.072454285574698019e-01
2.089532023652121984e-01
2.089577732373135155e-01
2.108098576239653132e-01
2.144712305947232278e-01
2.153267895745438198e-01
2.158698189402902257e-01
2.162102956051059899e-01
2.164915793124331522e-01
2.167048137200135449e-01
2.181790075640079873e-01
2.186268255066415311e-01
2.211790170488884266e-01
2.216447082612574282e-01
2.222160755985445602e-01
2.259315080973849088e-01
2.263115371035402945e-01
2.268711758969592374e-01
2.296208895322609522e-01
2.318168118304923808e-01
2.323139910662314622e-01
2.324089450525552158e-01
2.335397008329584689e-01
2.335997272344681186e-01
2.361435354243205942e-01
2.374865397613828422e-01
2.376315210853197357e-01
2.377440883217309953e-01
2.377968591134199949e-01
2.389099822447089683e-01
2.402138849479745764e-01
2.406357898502540782e-01
2.450506326020185088e-01
2.464915292362253596e-01
2.473809566619030176e-01
2.475857114687621263e-01
2.479535392391395421e-01
2.485032338103791150e-01
2.500873616341321437e-01
2.521760011292888959e-01
2.527941859961658211e-01
2.550091191241138922e-01
2.560344182953586678e-01
2.562657575840059376e-01
2.567467189157137675e-01
2.568887530748665826e-01
2.571157756210940559e-01
2.577251454984220147e-01
2.585005141830883924e-01
2.609039276877397340e-01
2.610259871356149786e-01
2.620259829685434028e-01
2.638275854274736432e-01
2.638527683583111183e-01
2.675566675488459389e-01
2.680253947351949884e-01
2.683489184843409481e-01
2.686248819600796089e-01
2.703021930707956155e-01
2.708386088064819175e-01
2.717640954902640904e-01
2.724440958174269012e-01
2.731054083858879822e-01
2.746238608209031762e-01
2.755145065502716539e-01
2.759684807496042280e-01
2.763312307965832271e-01
2.765830730905419199e-01
2.766857494919751081e-01
2.767441283442744204e-01
2.789808342304138100e-01
2.798440659131570807e-01
2.799182694090672219e-01
2.799424331209545702e-01
2.818865705541785394e-01
2.826627423115032345e-01
2.829979066318935033e-01
2.837718001915580102e-01
2.849839307299806279e-01
2.852296109352642217e-01
2.853135207488288749e-01
2.854075853086813774e-01
2.856733095637834507e-01
2.875078852739538227e-01
2.882895806311229769e-01
2.884016674985559470e-01
2.891138688135281298e-01
2.910613033443394948e-01
2.912929306097584714e-01
2.918942061119642606e-01
2.947785608390050549e-01
2.952223458580245374e-01
2.962135785804760890e-01
2.971794924353514666e-01
2.973785549391707583e-01
2.992708576001035237e-01
3.004966539510888213e-01
3.008355855645959420e-01
3.010417386599458789e-01
3.012277449036797616e-01
3.025366032456298093e-01
3.030647948652281931e-01
3.038294373683427807e-01
3.038648698574704099e-01
3.040084288774451138e-01
3.050797952965780269e-01
3.057469516018285205e-01
3.058099403216404943e-01
3.075863986357924573e-01
3.076011346992955642e-01
3.088546746571247392e-01
3.098529596540764985e-01
3.122306629043871129e-01
3.137705425627036471e-01
3.144614126018479561e-01
3.148176036169374470e-01
3.153259293844499767e-01
3.159669411402647454e-01
3.165735386144423735e-01
3.166409975886793071e-01
3.175922889983007202e-01
3.176557001374378242e-01
3.178612979201789757e-01
3.197198919343102186e-01
3.212206164407891973e-01
3.215209720705614060e-01
3.234458389850645155e-01
3.247366989544545057e-01
3.251825049811681856e-01
3.254694959868175141e-01
3.255130562530665350e-01
3.261015210145014054e-01
3.263372618465150143e-01
3.273981002040396437e-01
3.295611191953451424e-01
3.297987513710927132e-01
3.301572008771345157e-01
3.301823141439390596e-01
3.330708605182894910e-01
3.341822500587506850e-01
3.352802112776058219e-01
3.365552121833303989e-01
3.372726094932163576e-01
3.374718967026980598e-01
3.391813780567396464e-01
3.394761548200209145e-01
3.395376149334335403e-01
3.400720913038780546e-01
3.407081699701799415e-01
3.413688144095357591e-01
3.416402171218534400e-01
3.434871499645673620e-01
3.449714866022098869e-01
3.452716211113606715e-01
3.456266248447366629e-01
3.458949682596980657e-01
3.464077164460310776e-01
3.465820024459466131e-01
3.475133379184475180e-01
3.479388872939622734e-01
3.480806309483602812e-01
3.481592028027654107e-01
3.485327307098770033e-01
3.489827783973584729e-01
3.494609678542794917e-01
3.500074169798724211e-01
3.508330996233456900e-01
3.523311413861577868e-01
3.523448909074702318e-01
3.525421055827220873e-01
3.529429278472889231e-01
3.541341974326912556e-01
3.543364365916394920e-01
3.551229474896362981e-01
3.554330433697842073e-01
3.559038773833422820e-01
3.560759226210091777e-01
3.562791270508709474e-01
3.576619931308109845e-01
3.580510518028970912e-01
3.581159740467618757e-01
3.592074958163910536e-01
3.595879996043945259e-01
3.603692151548940625e-01
3.608765247406403032e-01
3.616758389418904818e-01
3.624156641469867823e-01
3.639164193594768837e-01
3.644050717680869522e-01
3.648087792760472681e-01
3.658568527342198617e-01
3.659384188261776694e-01
3.662858717412429410e-01
3.666428850948090234e-01
3.677327627829138357e-01
3.685313359705574832e-01
3.695493750216922724e-01
3.710949542809844903e-01
3.714806299404462830e-01
3.716037460805051706e-01
3.716449125873479975e-01
3.721515013623791224e-01
3.729081710866252730e-01
3.744447233185679291e-01
3.747631807429846473e-01
3.749717439658433737e-01
3.750434551314143494e-01
3.754367745539582968e-01
3.757026528819084055e-01
3.765160037950688876e-01
3.779196275992122711e-01
3.789500855747097163e-01
3.804370511528084586e-01
3.826675482531189942e-01
3.828989600505798840e-01
3.846643892728212055e-01
3.854672947204857425e-01
3.855464543396143196e-01
3.864031325735834965e-01
3.866845141625148696e-01
3.896669974879805043e-01
3.897134136949721439e-01
3.901785321533438600e-01
3.909239158162623462e-01
3.912028470908172073e-01
3.914660346824018200e-01
3.921711634561969584e-01
3.925135976671970672e-01
3.929648752608226325e-01
3.938812251653479590e-01
3.949421052343611294e-01
3.953292625437289098e-01
3.953593373425944302e-01
3.964113760897996497e-01
3.975130195670243394e-01
3.975509055286294835e-01
3.985185873149069691e-01
3.991687737072422415e-01
4.002001989317609532e-01
4.011610321165086646e-01
4.016267345831284197e-01
4.019230857231167464e-01
4.019526315926919002e-01
4.021108480784640338e-01
4.027377477174106657e-01
4.027505850758492101e-01
4.029888148039567630e-01
4.039877787098621331e-01
4.042972082270283041e-01
4.054153737388427325e-01
4.060518472143935798e-01
4.060689807274125984e-01
4.067729832241558929e-01
4.074039165002854568e-01
4.076434306583288647e-01
4.079796788990015521e-01
4.079999997963515423e-01
4.084034380195231129e-01
4.084127677950060709e-01
4.097940577461059442e-01
4.101778790113376205e-01
4.109655581701426863e-01
4.127025859800157459e-01
4.127786820293294356e-01
4.128529597393971740e-01
4.128945210453203174e-01
4.129034695460018778e-01
4.135465190014373515e-01
4.135484570945535676e-01
4.137007449937654679e-01
4.137732955083280872e-01
4.138790147942578157e-01
4.140586927899324587e-01
4.152950441153938077e-01
4.156647483243475771e-01
4.159303405699198986e-01
4.168832514141032064e-01
4.175612560997618017e-01
4.187470933372317572e-01
4.189629746018307399e-01
4.190723764474393320e-01
4.191189612538431808e-01
4.196552262887545126e-01
4.199565933026195852e-01
4.206110115091428181e-01
4.208675198768180858e-01
4.215612390686329092e-01
4.219739930540417072e-01
4.222113410227639196e-01
4.225028732319258129e-01
4.225536983090119048e-01
4.231246414638463738e-01
4.235711994030180172e-01
4.241522198490367268e-01
4.249038215233686966e-01
4.259045673542940502e-01
4.259272151244525295e-01
4.262108401198781982e-01
4.270592762084721161e-01
4.271373091503875008e-01
4.275127796284076132e-01
4.279522543011485824e-01
4.282717372085746987e-01
4.285511888964927962e-01
4.299894766003657387e-01
4.304562490788426676e-01
4.305129112994445784e-01
4.306663381338111662e-01
4.310711813315922791e-01
4.319981470163768988e-01
4.325930817034959186e-01
4.331103486322541718e-01
4.332450900921093750e-01
4.336175483836148814e-01
4.355455793211173710e-01
4.357430600358001005e-01
4.358692563527682973e-01
4.361770814939487928e-01
4.364558143466457651e-01
4.366228087567328719e-01
4.368105297765858541e-01
4.374627125070181810e-01
4.384795102397664457e-01
4.386671640692905161e-01
4.393399580424871553e-01
4.397331912686613387e-01
4.397359279502656149e-01
4.397928250548430174e-01
4.399070217045028541e-01
4.401034839680228461e-01
4.403726359412810099e-01
4.404128892832767095e-01
4.405154607680773493e-01
4.410939909830070560e-01
4.417197823103701237e-01
4.420882824302089231e-01
4.423477577019343521e-01
4.426310374317708463e-01
4.426366224926115978e-01
4.442924175636608908e-01
4.445259288477809156e-01
4.451788750064547551e-01
4.459264943349472432e-01
4.460537078701478642e-01
4.461991439091035350e-01
4.462484978538240887e-01
4.471733135977554729e-01
4.471742478999706782e-01
4.476094723312524226e-01
4.481755908121903831e-01
4.495748017043388334e-01
4.496029788880012146e-01
4.498798387183047809e-01
4.498799042877061338e-01
4.511216767694410934e-01
4.511411175399143714e-01
4.511464812439893723e-01
4.513736630838026676e-01
4.528311883293235085e-01
4.528818649087791304e-01
4.535565402170096405e-01
4.536932729302962652e-01
4.544258539103246952e-01
4.549933195347818926e-01
4.554142789134803526e-01
4.555186928449930783e-01
4.556381031795356251e-01
4.556778353241640600e-01
4.558116823764623571e-01
4.559555760075847397e-01
4.560073662894761903e-01
4.567321174470658218e-01
4.567942548950350012e-01
4.568785450284251204e-01
4.570022816084650108e-01
4.572177852210087545e-01
4.578908684847792787e-01
4.581540715674628506e-01
4.582111402336495609e-01
4.589143388771104171e-01
4.594216030959566988e-01
4.596253842208163354e-01
4.603229580789272024e-01
4.609641028904926108e-01
4.623731093932721969e-01
4.623805961724061220e-01
4.631042558892338179e-01
4.632128681466057829e-01
4.640025205662399177e-01
4.643979810559338839e-01
4.645775176486722224e-01
4.649385333028208667e-01
4.649434478215355715e-01
4.651065085811205146e-01
4.659189509053276446e-01
4.664830814185569885e-01
4.666312140871541336e-01
4.669556250756550231e-01
4.670870300508273565e-01
4.676975837226610699e-01
4.679200217497327952e-01
4.680227739175744639e-01
4.681813903958823575e-01
4.684024467998190167e-01
4.687808542952618396e-01
4.690592924022928267e-01
4.692935633692958408e-01
4.692942115047507023e-01
4.693077786418586306e-01
4.694284605561669377e-01
4.694556584773973418e-01
4.695122488424734453e-01
4.696196923532091616e-01
4.697087768587991929e-01
4.697134212151362620e-01
4.705540920753455980e-01
4.709944625859108225e-01
4.711078936524953353e-01
4.715871940576631394e-01
4.719771029738045187e-01
4.728725794722342668e-01
4.732200054120024313e-01
4.733943444603109785e-01
4.734820194018991013e-01
4.737120064024186172e-01
4.738469379426210049e-01
4.740751990502319879e-01
4.740935358288568269e-01
4.751114709521410129e-01
4.760751810651835392e-01
4.764541208951585949e-01
4.766795459084236519e-01
4.775616228765220406e-01
4.775970791487442191e-01
4.781377106535382726e-01
4.789493992296219860e-01
4.790041501933479662e-01
4.793148727503416806e-01
4.796403592815569605e-01
4.807858083681706973e-01
4.814574041649808955e-01
4.818315601712349627e-01
4.820648741697642903e-01
4.825139183558324607e-01
4.826511788461822494e-01
4.827649397256333907e-01
4.839217234664670575e-01
4.840228179986973966e-01
4.841320682924285523e-01
4.841929039308047744e-01
4.843781549183185930e-01
4.861836697214670933e-01
4.863085501506856922e-01
4.869444730154615097e-01
4.879656903019564673e-01
4.880303445270015583e-01
4.887840147559533444e-01
4.895696323719564425e-01
4.902635759871201704e-01
4.906180836474831053e-01
4.909950864130558923e-01
4.911557978283568326e-01
4.913883957133947655e-01
4.914025407632718334e-01
4.925316224097180395e-01
4.928169938317334964e-01
4.931788213209001293e-01
4.945772452485578952e-01
4.950363276027824888e-01
4.950967783530463295e-01
4.955190173423117961e-01
4.961140486928024562e-01
4.961453217252624892e-01
4.966971280368178698e-01
4.969132634899120493e-01
4.975785461855775083e-01
4.977076615537698867e-01
4.977136766841999682e-01
4.977400954598102389e-01
4.978350432038668449e-01
4.987477194441569672e-01
4.991919187890906384e-01
4.994341531104882770e-01
4.997266232267002506e-01
4.998536693168037504e-01
5.001721577599491653e-01
5.002678107044964406e-01
5.011147967473355003e-01
5.012295479635513473e-01
5.018364892175115610e-01
5.018476555996486121e-01
5.019317280129798053e-01
5.021577565015501454e-01
5.026164329163591571e-01
5.028529754220919523e-01
5.033225055081986810e-01
5.036500293280443685e-01
5.041147086872981298e-01
5.059473010409033522e-01
5.059779339247059138e-01
5.067460257285560932e-01
5.069716339307935860e-01
5.070160249309751954e-01
5.079512009925766236e-01
5.079892706522599610e-01
5.082448469682184777e-01
5.094088546751112112e-01
5.099259360185394163e-01
5.101796215862848261e-01
5.104698116607729874e-01
5.105989495386653587e-01
5.107412027794344667e-01
5.111021279450965737e-01
5.120876537929982542e-01
5.122283635860686024e-01
5.123434777226579806e-01
5.124458746426667766e-01
5.127087947482259489e-01
5.127165069615294835e-01
5.129058781318811544e-01
5.136303611844086348e-01
5.144104506318530889e-01
5.144705802176094966e-01
5.149638577926058947e-01
5.151434279618470891e-01
5.179537950634303112e-01
5.183223425322951439e-01
5.185204269528080889e-01
5.190990169942363286e-01
5.192074413374077047e-01
5.192658813453666644e-01
5.193256932714747087e-01
5.194172687175616643e-01
5.195458830092518632e-01
5.202054008467931201e-01
5.203897910352424105e-01
5.205001696889568485e-01
5.206554899589760366e-01
5.210485513873055474e-01
5.211858824737526374e-01
5.217635260413762133e-01
5.219156801955966429e-01
5.221040014821132225e-01
5.224491934518533665e-01
5.227898894821877418e-01
5.233669320235396771e-01
5.238775128872175113e-01
5.240152672462992101e-01
5.241431878983502379e-01
5.245990086270290176e-01
5.246863691155188025e-01
5.248218468975290874e-01
5.249957987564866091e-01
5.250114410264078435e-01
5.259404802729700235e-01
5.261142342152049789e-01
5.262188839436857668e-01
5.263704639220755377e-01
5.267136972765458225e-01
5.277926245921832349e-01
5.290637848292876200e-01
5.296227335392407198e-01
5.296605390815372072e-01
5.300810445026600259e-01
5.305168871286942700e-01
5.319219273326376562e-01
5.327147104448747283e-01
5.331976012132803033e-01
5.332649034510854591e-01
5.340383150241239107e-01
5.351962135369761064e-01
5.358590558289411110e-01
5.359857232010236672e-01
5.360992878584981414e-01
5.373468412646952297e-01
5.377160333396195924e-01
5.378172511854029114e-01
5.381976456216972515e-01
5.389039621795098656e-01
5.393003623640715283e-01
5.394566608258692941e-01
5.395027518615888029e-01
5.398607402232752372e-01
5.403738122827026480e-01
5.406232889044766399e-01
5.408894709703349069e-01
5.412561803740056909e-01
5.417080476812610179e-01
5.417829183870905840e-01
5.423314252839265270e-01
5.424935369514125583e-01
5.428598768778745143e-01
5.431057258333961135e-01
5.434657812805560040e-01
5.435853739860182499e-01
5.436660319295973931e-01
5.438499984065759962e-01
5.439690910545085245e-01
5.443162684919673477e-01
5.445262608074796784e-01
5.448415897490338500e-01
5.452513268649792355e-01
5.453533214676706820e-01
5.453607532686332027e-01
5.462098006237094960e-01
5.467289545510772841e-01
5.469798534451857375e-01
5.470737216334039532e-01
5.476171813141157418e-01
5.481007620208228071e-01
5.481275244401815350e-01
5.485642450556817984e-01
5.490654939432527692e-01
5.506693018312200927e-01
5.517037369222321797e-01
5.519854047945649267e-01
5.525547783530919688e-01
5.526212338362808119e-01
5.529035573568047424e-01
5.531197049760211426e-01
5.536155248958962716e-01
5.540805604041618704e-01
5.541050401412471738e-01
5.541600275409310772e-01
5.541929753969243588e-01
5.543977124259187317e-01
5.549540622476868412e-01
5.549972822748880930e-01
5.551531423981447277e-01
5.557860416496973599e-01
5.561229850639197725e-01
5.562946824936314538e-01
5.566029934789953337e-01
5.567379777981383837e-01
5.572722400641848539e-01
5.576486402077052151e-01
5.582357664022206123e-01
5.583198443350250173e-01
5.591104916927404078e-01
5.602034447902806136e-01
5.614117413065463635e-01
5.614392519172209939e-01
5.615029049561299779e-01
5.621209173356392919e-01
5.621372846411163415e-01
5.621644475197871138e-01
5.622416651635048224e-01
5.623408843185344619e-01
5.623435730070474037e-01
5.626020728746841115e-01
5.626053584051649015e-01
5.630071120926755102e-01
5.633176059945790293e-01
5.634352976948040492e-01
5.638712977798946424e-01
5.645079852199481607e-01
5.651454775155229093e-01
5.660560534352147011e-01
5.661347638051862363e-01
5.663978823566406806e-01
5.666875446989760867e-01
5.674803809191173443e-01
5.677880889460219516e-01
5.678299235975143855e-01
5.681599979922394850e-01
5.683451691726079114e-01
5.683584522989598709e-01
5.686683183948347819e-01
5.695694036949708883e-01
5.698679257761811723e-01
5.701063000441516371e-01
5.702554093023901594e-01
5.715555741524751543e-01
5.715664549696006791e-01
5.715676011483263874e-01
5.719181588012107742e-01
5.721337031040933940e-01
5.725666728000875505e-01
5.729320223747338403e-01
5.732401082644963397e-01
5.736599811941915927e-01
5.741773282134543521e-01
5.748559412600857677e-01
5.751609964759373250e-01
5.758741523782648919e-01
5.761163921932508369e-01
5.762107607836033374e-01
5.764247847988418494e-01
5.768561859306094997e-01
5.774060404627632259e-01
5.775316814151800759e-01
5.777513222647857605e-01
5.784151981351438598e-01
5.788572115783976457e-01
5.789845890025542285e-01
5.792036731125336235e-01
5.796707117760813155e-01
5.796846978231660064e-01
5.797243365027463513e-01
5.800222994071009275e-01
5.807151012138948021e-01
5.808976874032977245e-01
5.816289502954998802e-01
5.820704461477586023e-01
5.823925117439575638e-01
5.825520411443911861e-01
5.831095592641755143e-01
5.831145357969389487e-01
5.839506604691482305e-01
5.840493353067857107e-01
5.841447743510785884e-01
5.843501444340981621e-01
5.859360331059720872e-01
5.861884451016026176e-01
5.864213358972787393e-01
5.865535183787187190e-01
5.871384463620931138e-01
5.878469691082610638e-01
5.886394994694835736e-01
5.886469384664619886e-01
5.891660168333200387e-01
5.895254828684425297e-01
5.908941877589805047e-01
5.920878856267648427e-01
5.921005429758736671e-01
5.921499910991980808e-01
5.924727272476837392e-01
5.929341449710844314e-01
5.929513532310077828e-01
5.930760832854826692e-01
5.931692403438750816e-01
5.938083308000150495e-01
5.938191177059770620e-01
5.943797284270813108e-01
5.952416981510828542e-01
5.953399656688296293e-01
5.955407414645221831e-01
5.955715312955480734e-01
5.957018994245142363e-01
5.960292715047499357e-01
5.961682612013491367e-01
5.962507834630750292e-01
5.963919683579670394e-01
5.964742375243887729e-01
5.964790786177261994e-01
5.967230076049117038e-01
5.974227778765527352e-01
5.974438447559821119e-01
5.976054573460160002e-01
5.979523615080942767e-01
5.980168106654198956e-01
5.984071992838098097e-01
5.988441199467162690e-01
5.989912151920520067e-01
5.991283486211842479e-01
5.991456928317759889e-01
5.993172552234407036e-01
5.995482071303215310e-01
5.997642879407970584e-01
6.002779547843124508e-01
6.007428725190826491e-01
6.010845782225723299e-01
6.015699387075559290e-01
6.020571679811879129e-01
6.021383746850775820e-01
6.024904912895858722e-01
6.032504462746590690e-01
6.036274938458514594e-01
6.037859450900220359e-01
6.048404588160523065e-01
6.052117889251547034e-01
6.060323709943152837e-01
6.061174264944786394e-01
6.062292754650159265e-01
6.062860035450106100e-01
6.063886135504659158e-01
6.074846983749848661e-01
6.079042312275949600e-01
6.079091702841535882e-01
6.093357467138286188e-01
6.093436147603118469e-01
6.100649985181396673e-01
6.100746945945415556e-01
6.106395188503803695e-01
6.109926432210556202e-01
6.110002003365230250e-01
6.112176003038639616e-01
6.113128692338123393e-01
6.117716130933691376e-01
6.118874808272112276e-01
6.119830852934925458e-01
6.122740793004155524e-01
6.122987463593130286e-01
6.123347893970793043e-01
6.125219113869375676e-01
6.126739809330562503e-01
6.127964421936969996e-01
6.135701125860291150e-01
6.140041927330390781e-01
6.146643651893852756e-01
6.152408581432622370e-01
6.161379352880891336e-01
6.166300924608001388e-01
6.167495400353227852e-01
6.172415582621753050e-01
6.175081137607357773e-01
6.179633382602132130e-01
6.181342381583889711e-01
6.183148017947248665e-01
6.183882986352311484e-01
6.184306956720018178e-01
6.191333587222507262e-01
6.193407899312292075e-01
6.195008816094303983e-01
6.197839231209643085e-01
6.197901752337854342e-01
6.201801326971660977e-01
6.202473204556211428e-01
6.208481481484763309e-01
6.212740096948158319e-01
6.219835140610903146e-01
6.222324627384614448e-01
6.222512573873939523e-01
6.223847292209483406e-01
6.224318275732217964e-01
6.230480935565281264e-01
6.230526303712738967e-01
6.231715142151132980e-01
6.232533194823451916e-01
6.234712375541042739e-01
6.235006482549271256e-01
6.235947460870849834e-01
6.236110519226578663e-01
6.237387808015910640e-01
6.238053246254133821e-01
6.239201828919982429e-01
6.247073029995000581e-01
6.252606452212303711e-01
6.254613221203330076e-01
6.255702849772322161e-01
6.257345948992305562e-01
6.259101811480296540e-01
6.263608385250822863e-01
6.269130108149219005e-01
6.273967090042478212e-01
6.273968144973409711e-01
6.276784769597276714e-01
6.279531413551238117e-01
6.281325901754623020e-01
6.286568325698762560e-01
6.286571871477322215e-01
6.293967957030501825e-01
6.296377079093677942e-01
6.297305158618267118e-01
