4.100000020116567612e-03
2.449999935925006866e-02
1.796999946236610413e-02
3.220000118017196655e-02
1.460000034421682358e-02
1.649999991059303284e-02
1.150000002235174179e-02
1.700000092387199402e-02
3.750000149011611938e-02
2.999999932944774628e-02
3.350000083446502686e-02
2.410000003874301910e-02
1.640000008046627045e-02
4.160000011324882507e-02
1.679999940097332001e-02
4.160000011324882507e-02
1.620000042021274567e-02
2.969999983906745911e-02
1.290000043809413910e-02
3.539999946951866150e-02
7.310000061988830566e-02
3.449999913573265076e-02
2.969999983906745911e-02
3.660000115633010864e-02
2.500000037252902985e-02
4.580000042915344238e-02
6.300000008195638657e-03
4.949999973177909851e-02
4.060000181198120117e-02
5.499999970197677612e-03
4.390000179409980774e-02
3.269999846816062927e-02
2.889999933540821075e-02
1.610000059008598328e-02
2.669999934732913971e-02
2.600000053644180298e-02
3.200000151991844177e-02
1.559999957680702209e-02
1.710000075399875641e-02
5.900000035762786865e-02
7.029999792575836182e-02
2.180000022053718567e-02
5.350000038743019104e-02
5.090000107884407043e-02
3.119999915361404419e-02
3.610000014305114746e-02
2.720000036060810089e-02
3.519999980926513672e-02
1.439999975264072418e-02
3.280000016093254089e-02
4.580000042915344238e-02
6.140000000596046448e-02
8.500000461935997009e-03
4.690000042319297791e-02
1.159999985247850418e-02
4.030000045895576477e-02
1.999999955296516418e-02
3.539999946951866150e-02
4.789999872446060181e-02
3.640000149607658386e-02
3.299999982118606567e-02
3.669999912381172180e-02
1.920000091195106506e-02
1.659999974071979523e-02
1.360000018030405045e-02
2.470000088214874268e-02
1.009999960660934448e-02
2.830000035464763641e-02
2.329999953508377075e-02
9.499999694526195526e-03
3.750000149011611938e-02
2.170000039041042328e-02
4.030000045895576477e-02
2.040000073611736298e-02
2.940000034868717194e-02
1.930000074207782745e-02
2.040000073611736298e-02
8.000000379979610443e-03
1.559999957680702209e-02
1.240000035613775253e-02
1.240000035613775253e-02
1.700000092387199402e-02
4.410000145435333252e-02
3.920000046491622925e-02
2.199999988079071045e-02
1.460000034421682358e-02
1.989999972283840179e-02
1.600000075995922089e-02
1.130000036209821701e-02
3.379999846220016479e-02
1.930000074207782745e-02
2.250000089406967163e-02
5.290000140666961670e-02
3.869999945163726807e-02
4.820000007748603821e-02
4.030000045895576477e-02
3.060000017285346985e-02
9.050000458955764771e-03
1.162000000476837158e-02
4.739999771118164062e-03
3.409999888390302658e-03
1.644000038504600525e-02
1.535000000149011612e-02
5.223260817123813737e-01
4.219217629122172242e-01
3.063244949219267599e-01
2.214442410225209712e-01
3.203887800677893694e-01
4.614080622124128728e-01
5.146498828886525434e-01
3.030051651531973089e-01
4.116956636066496644e-01
1.110044372453783401e-01
4.409785611490298352e-01
5.875858495689052496e-01
3.106530860009406592e-01
3.800718267038954989e-01
4.652926337093713505e-01
3.616721034068884899e-01
5.025589564615563498e-01
3.915721238650197167e-01
3.525387180261211895e-01
4.415275365459832568e-01
4.145063858917699129e-01
6.268661831573022480e-01
5.417465936934914295e-01
4.691499423825474802e-01
2.362369229869625553e-01
2.381349777683597624e-01
5.241316591089704158e-01
4.454895158715603820e-01
5.818341163323796916e-01
3.735082480433824514e-01
4.179571285637487810e-01
6.275998526497362784e-01
4.014658682772142551e-01
5.654462131222244281e-01
6.088533548712204979e-01
2.189350340453417310e-01
2.408819604565722305e-01
3.527565301502157413e-01
6.286327852521630399e-01
6.249923992944487194e-01
6.231704355991307676e-01
5.204144070899732188e-01
3.955845235436386553e-01
2.510774145407100866e-01
4.435004083570951439e-01
3.829361208202255451e-01
4.516377259355974227e-01
4.309776811349306236e-01
3.055867693396503437e-01
4.687693996413098141e-01
4.425771905663404837e-01
4.381870171125868962e-01
4.761613307416122653e-01
6.035668396190313478e-01
6.009530132075736608e-01
3.691458128151676177e-01
5.453109756088752036e-01
2.640699684992097174e-01
4.477944791872794927e-01
5.529964711302359781e-01
5.515174938771445490e-01
1.514235928634165007e-01
3.341021535707677237e-01
3.244907893274830979e-01
3.819248543651689864e-01
2.996312112444913800e-01
3.592945016767151722e-01
3.819950889408735284e-01
3.708611163045733017e-01
5.582725749683155048e-01
4.801686349767142481e-01
4.146115791407555262e-01
3.486830979380687312e-01
1.668884925576434031e-01
3.558538614439678005e-01
5.521963157728683180e-01
7.464301221039032486e-02
4.584281896257039746e-01
3.782965838242587919e-01
3.056807583568082465e-01
2.782433505035546983e-01
5.335533982058121572e-01
2.093318887454874155e-01
4.872434155125057731e-01
2.309420390979853299e-01
4.634251401145565996e-01
3.810609782040124127e-01
4.746576360924424920e-01
1.174272121265276386e-01
3.452257041177981267e-01
2.898393050531342663e-01
5.077471019097284932e-01
5.842843773052968093e-01
2.551549885031143550e-01
4.301389181073115298e-01
5.711380557122581747e-01
5.038579134134606452e-01
3.483675606091053423e-01
1.949229216843023360e-01
1.213466021694472458e-01
1.587024401313984479e-01
2.180327129510469253e-01
2.100047485420820370e-01
6.052260660047539265e-01
3.864878111299073771e-01
1.597282976834999701e-01
4.152961319179689359e-01
5.924003320767401437e-01
2.210722205205990498e-01
6.235444460151956525e-01
4.663019741932821205e-01
1.154342017796848585e-01
1.197552031319438215e-01
5.266028782642667716e-01
4.734016145825948874e-01
5.097796211290230861e-01
3.169637775756105613e-01
6.210504083160637290e-01
5.505487067469884144e-01
4.315810290446009390e-01
4.078089712430950087e-01
4.428873877072531107e-01
5.089136524138051509e-01
4.017443803154508997e-01
4.132583281555365362e-01
5.891185494411348422e-01
5.419856732606789240e-01
4.468032949718290792e-01
4.376652003167926797e-01
2.527769609451733235e-01
4.600184766657705593e-02
6.227604721436857949e-01
5.099118255390722165e-01
2.271733679667738981e-01
6.039579435741300184e-01
5.474504718925639057e-01
5.845571596470678921e-01
5.623465612771924027e-01
2.517869621009652947e-01
5.385302568345338159e-01
5.196014325911553211e-01
5.264821041053344697e-01
4.196857439807793466e-01
5.516972465890450650e-01
5.818950607535431363e-01
2.842352121933648390e-01
5.886138867413976961e-01
6.188193644607720145e-01
4.493096390913269289e-01
5.570745023125296402e-01
4.002167174220218060e-01
6.169769204251793759e-01
4.828509015996826914e-01
5.544213880677442141e-01
1.373292953130343386e-01
3.434743117932570478e-01
2.606373130324380338e-01
4.763295948323115758e-01
5.714571948461631967e-01
5.713215736005433643e-01
4.153924856313274128e-01
2.564827432604432911e-01
4.366814291434450990e-01
5.348489046565647609e-01
3.071876435807996963e-01
3.533610319678927580e-01
3.222133846285366587e-01
4.448691699523712462e-01
5.708909437432216905e-01
4.953736558668139223e-01
3.302655389799296626e-01
5.276348032294672086e-01
2.977005309137685241e-01
4.324521151079839809e-01
3.079240361491299427e-01
4.648099122419483975e-01
3.803051421771058149e-01
3.424358314197569753e-01
5.106014001672869451e-01
3.986623746981379779e-01
4.534605126849992063e-01
2.434761222759431742e-01
5.142662360763332607e-01
3.196970827055423126e-01
2.911300043284518191e-01
4.812125671242715175e-01
2.445983192550864604e-01
2.489803881092415572e-01
4.196691758764939939e-01
5.787621427895823789e-01
5.300795417984731639e-01
6.285588669020290009e-01
4.765756257471485124e-01
2.773347742536384497e-01
4.869054601732399901e-01
4.141018611286216844e-01
2.273247518613096263e-01
5.781595053840007381e-01
5.811420929008819236e-01
5.616297121393339919e-01
4.804246678770578427e-01
5.237733264741015748e-01
5.931318319711091913e-01
5.677055809714927070e-01
5.344991441158140066e-01
3.691523853727243787e-01
2.182705464440751197e-02
3.591168682569026438e-01
3.759335788461783956e-01
1.728063808086808539e-01
1.761556747792972499e-01
6.062453403520053907e-01
3.856412714379433004e-01
3.954943881305910125e-01
5.245079100544896011e-01
4.125480354427871754e-01
3.628357592441069368e-01
6.126710124440735150e-01
3.200462491601790416e-01
1.409408558456123894e-01
4.983281876122961362e-01
2.666153079863202713e-01
4.132523891729981136e-01
6.217408459363344964e-01
5.892693260149459711e-01
2.148532627340088985e-01
6.121625968108436178e-01
2.749089873720686472e-01
5.974442287564544207e-01
3.276604129397311937e-01
5.457795334527040243e-01
3.239544902131852311e-01
1.225877004398312209e-01
3.942178685649448955e-01
4.252579785188354000e-01
5.911804467700709775e-01
