4.574508961340322671e-02
4.932408181281730530e-02
9.819986054913253104e-02
9.295347559542846416e-02
8.783496626182446532e-02
6.463937082746985807e-02
8.260090441895316660e-02
6.959414819473051794e-02
9.748748727819757376e-02
7.862201047729067138e-02
7.850937823440620744e-02
1.304768529666401437e-02
9.848632783105178146e-02
5.694801593990483218e-02
8.296609201663082689e-02
1.691715311883612571e-02
6.669735375465998817e-02
4.508596543743714075e-02
2.109703872448076556e-02
7.865506957148232781e-02
8.730403036629623414e-02
2.711694555576270663e-02
1.562842606544346744e-02
6.258963890361483873e-02
4.523977560646604001e-02
1.562457993714838666e-03
9.783059548590317123e-02
3.636470327035735972e-02
2.027059294398641034e-02
6.019016991072611428e-02
6.277604196523821345e-02
1.439293855476158138e-02
7.853612701517684314e-02
6.002157957952687639e-02
6.880014244793500322e-02
9.217733985769469007e-02
3.308662652600716930e-02
4.442022003017640636e-02
1.558697978264004386e-02
4.934578933631855735e-02
7.037062577149287568e-02
2.805075108092585159e-02
3.655754362884603564e-02
9.231751775262124482e-02
2.285184875504022925e-02
8.427624051196551391e-02
5.194158433896826216e-02
9.853377932581058873e-02
1.330214534312688240e-02
5.231981877188930652e-02
7.392844914214423413e-02
6.254478918491662709e-02
1.350020785909437221e-02
5.246878794021069686e-02
5.680010905719545811e-02
5.467169377478234282e-02
9.318378843407487677e-02
6.863048735138667367e-02
4.271101713320442361e-02
8.929225261067377795e-02
7.962018493548045361e-02
2.587283366386166142e-02
7.480199938276804739e-02
4.806952219667590120e-02
6.893502406897003554e-02
4.642483473727976724e-05
7.442383502532073924e-02
3.174055763240973133e-02
9.991911776358343086e-03
1.380847368565418787e-03
7.908796741195306401e-02
2.750685024643993032e-02
1.342919719097599579e-02
4.663251207388841024e-02
5.288515216380266365e-02
8.984093903279555260e-02
6.950836494191085790e-02
3.814041873725394771e-02
6.366219213871138205e-02
3.162226058251641631e-02
2.410723178695350910e-02
3.451943364962817284e-02
4.687090752699740737e-02
4.108907090729555650e-02
3.397536508745570977e-02
5.947185672806637458e-02
1.025192911559458242e-02
2.992382598981577907e-02
4.037719002486317953e-03
3.871792350163756613e-02
3.032026920282036159e-02
7.217809116513544676e-02
3.999968868989652038e-02
4.841942598698465577e-02
9.120470878462827100e-03
6.722178439520884452e-02
2.840443715239928876e-02
9.225950481659772953e-03
2.684889373329001419e-02
7.161331418931597692e-02
7.376352962081333953e-02
6.812404516275757937e-02
7.442572781839332241e-02
4.093317615136771170e-02
6.048834794659581349e-02
1.670455262890701079e-02
3.563328390141253660e-02
3.960133215576031734e-02
7.929070803876107909e-02
5.043608312753072170e-02
6.736572478115966656e-02
4.913364190488620636e-02
7.630515268622706584e-03
6.326145119470691358e-02
9.226003519044978854e-03
4.168504122212954993e-02
9.177638928087401837e-02
5.339726929983393960e-02
8.644029001504326126e-02
8.931876718332737441e-02
5.101697607322187855e-02
9.552790833499903017e-03
4.195646186737838484e-02
9.779058936578546857e-02
7.936472372421131405e-02
1.467697950086497422e-02
4.657017087443394987e-02
8.473949871692688929e-02
9.224775136455024005e-02
9.505623818649938661e-02
1.434690496246250439e-02
8.829753537322275470e-02
8.825969325265074772e-02
2.487335834617888930e-02
8.478120223903953812e-02
3.379477347398359560e-02
4.018308002428927495e-02
1.744477599402560926e-03
7.424340482144918540e-02
8.265385092821747604e-02
9.559046379550288630e-02
9.801955724871475040e-02
7.831606767681453807e-02
8.436859031922283592e-02
6.608702446971657929e-02
7.797914432486814651e-02
6.245844338527260092e-02
3.778344477607798249e-03
4.311145337576249674e-03
9.610498125129851577e-02
5.343329848891924944e-02
4.863143122899952348e-02
3.685731155141119819e-02
5.950652655270937536e-02
8.858141737031732799e-02
9.289778109023011377e-02
9.840647544431556371e-02
4.116727619504970820e-02
3.800192066867992546e-02
5.378272147902699724e-02
7.855952562664174355e-02
7.242971022543667758e-02
8.050731143864687731e-03
9.282978640860850561e-02
6.509715622625687759e-02
2.408308870798550258e-02
8.423209037684920020e-02
4.529757143086874521e-02
5.106214272778449026e-02
5.363221070216255687e-02
4.103197305867215677e-02
8.090440424636891059e-02
5.294002865782122813e-02
6.226327496173944542e-02
8.403820596597509629e-02
3.117278411359369894e-02
4.306288333252308864e-02
7.329723347048355993e-03
1.311224649169227124e-02
3.447930578133517887e-02
4.103764142998672648e-02
9.996646881452809705e-03
3.360194344803280053e-02
4.120008476056472718e-02
4.255653287313481553e-02
6.406741845740654417e-02
7.082497893034582492e-02
9.400011639507133143e-02
3.588125630311774644e-02
2.901441653847466537e-02
8.207373571590929895e-02
3.666197040686508535e-02
8.907564959584024847e-03
8.560665478132500894e-02
5.222006800177132757e-02
2.451005681710184680e-02
2.965644328219116041e-02
6.474247611971360727e-02
6.511061066278747700e-02
4.171152710650524731e-02
2.955497807400749716e-02
8.255812766552017568e-02
8.591330390570897646e-02
1.053249178608176434e-01
1.228639010827446421e-01
1.301467872621014377e-01
1.388279171702655190e-01
1.412475029040073937e-01
1.440633920562612580e-01
1.526221468410972615e-01
1.561917134557572751e-01
1.576794561658830529e-01
1.651268997317500431e-01
1.741210980819339060e-01
1.801211512165846740e-01
1.803892077444816944e-01
1.830893793125309144e-01
1.836679216707990947e-01
1.854212619808814355e-01
1.941334867131297437e-01
1.955769622842534750e-01
2.017873927808134515e-01
2.033573104280062549e-01
2.082485034309514149e-01
2.171286285604963617e-01
2.190953502342682380e-01
2.228735692029816251e-01
2.234342516887317942e-01
2.236982886178421059e-01
2.241912425436158873e-01
2.256512522337229265e-01
2.270056624647522892e-01
2.279804059835097152e-01
2.348174476736166472e-01
2.350792335498499419e-01
2.350970478935228147e-01
2.353654036969755892e-01
2.378699734328535154e-01
2.388296486488679649e-01
2.396644886280872855e-01
2.426120605837267241e-01
2.429885451764489668e-01
2.436622281866698825e-01
2.473757694532340290e-01
2.488188929965092777e-01
2.489101766017677853e-01
2.530475471706564172e-01
2.532920133931802487e-01
2.590350290060507987e-01
2.591724563910738355e-01
2.614560994529484539e-01
2.614916780979925637e-01
2.632616681516392609e-01
2.676297937723494114e-01
2.681552307474907026e-01
2.714304485202112538e-01
2.721377550785431532e-01
2.728606297036692552e-01
2.739181902624934772e-01
2.765346287669163128e-01
2.768283265030193063e-01
2.778365031076564517e-01
2.844534694082762050e-01
2.850725668074005070e-01
2.860001144222445446e-01
2.884649138813328850e-01
2.887267692980450273e-01
2.906358507244772849e-01
2.922947786562300476e-01
2.962325588394493225e-01
2.979958770258852585e-01
2.999396422482277780e-01
3.000417654437979031e-01
3.050761498012640183e-01
3.061071844332777792e-01
3.073759796449382353e-01
3.093679934143160892e-01
3.096597701601138120e-01
3.099981181536881070e-01
3.109823103194312433e-01
3.118566894159849889e-01
3.148127902479115336e-01
3.148631734495664913e-01
3.153537196543868548e-01
3.176078041152877174e-01
3.186617341456682850e-01
3.199075631696342570e-01
3.201063169097249639e-01
3.211162677033307378e-01
3.255712804125744930e-01
3.263307999793969572e-01
3.268189109226689038e-01
3.276690884402332360e-01
3.287518369787476580e-01
3.304610660020697588e-01
3.313740181019622644e-01
3.314664635432657547e-01
3.316991484507696430e-01
3.321588856777953902e-01
3.326527091627563548e-01
3.331149825234216988e-01
3.333193009685251895e-01
3.341586236442949387e-01
3.363238270408489550e-01
3.375270773980708072e-01
3.418623888286692614e-01
3.424591744577503150e-01
3.445377064733431971e-01
3.461043997908339054e-01
3.463200442060612172e-01
3.467000488328186858e-01
3.499111587988754657e-01
3.511757054481244311e-01
3.518675729346433245e-01
3.522399149421106546e-01
3.526378971107109184e-01
3.547862918401371024e-01
3.551130510394931439e-01
3.559152440645765303e-01
3.569089970730427996e-01
3.579026074121643974e-01
3.583231422952243284e-01
3.590174863502717528e-01
3.600675677268875274e-01
3.607963325537785204e-01
3.635659373965218766e-01
3.646271694035756461e-01
3.660256707620402339e-01
3.663011772057582216e-01
3.685324821265743012e-01
3.700739326167334364e-01
3.711725530656240224e-01
3.713394082778785354e-01
3.729677463252337732e-01
3.730459492047077386e-01
3.736842010903347333e-01
3.743635523899714324e-01
3.747505740944991892e-01
3.748364287638521475e-01
3.750176598715685983e-01
3.758446127424296956e-01
3.786226820353250089e-01
3.792321189391840708e-01
3.792983773153683069e-01
3.794158864025509725e-01
3.801209145974770998e-01
3.803942056153745144e-01
3.810183369115148766e-01
3.846629247063296231e-01
3.850780029302771634e-01
3.864627959152224790e-01
3.879792225774579273e-01
3.881539808688711513e-01
3.884371100247543396e-01
3.884652176809715307e-01
3.894279974913792963e-01
3.899123755299108152e-01
3.905698017338053996e-01
3.913972844390934402e-01
3.927058200172308666e-01
3.931916783896249323e-01
3.932968490359305958e-01
3.941686449958141658e-01
3.970441012200989217e-01
4.024119663480032472e-01
4.029358116385629573e-01
4.069704510426654931e-01
4.071434402329124347e-01
4.072254012392939049e-01
4.074353412524556184e-01
4.083047680176614680e-01
4.083127780484729352e-01
4.085085950500184082e-01
4.104837908948745229e-01
4.105102951050841886e-01
4.111974508743296841e-01
4.113434624539618056e-01
4.119020954345637975e-01
4.135127753129623773e-01
4.150001574991741826e-01
4.157143493939625678e-01
4.159851381802847081e-01
4.173256748202934241e-01
4.176376975179364459e-01
4.211672297088868699e-01
4.212513957216953986e-01
4.219080168667475039e-01
4.222179948984072784e-01
4.228890713501876064e-01
4.248621613473123060e-01
4.248758644296216636e-01
4.264001807313680947e-01
4.278101109752572295e-01
4.279202899821566430e-01
4.283069514548032419e-01
4.292649887517297480e-01
4.295416854098834669e-01
4.297215388385137169e-01
4.299423902779120343e-01
4.303591332927512725e-01
4.315479241958593559e-01
4.336440533605996350e-01
4.339194535953229126e-01
4.353998124007099069e-01
4.360825330168966452e-01
4.379397305661704154e-01
4.383332937890828118e-01
4.386864827329813865e-01
4.393038266057113228e-01
4.397793839763374235e-01
4.413673697225396486e-01
4.415042422599981808e-01
4.418497297109781341e-01
4.444023971938320106e-01
4.454456939310155184e-01
4.467800423310859248e-01
4.497450668611665536e-01
4.513078012791099658e-01
4.513971756368668764e-01
4.524746096480501412e-01
4.537066741152857019e-01
4.538442199732503068e-01
4.540058483065281258e-01
4.565070559834576991e-01
4.583248284240236670e-01
4.592166177803779226e-01
4.593246651457918439e-01
4.608313465184075142e-01
4.627415599549676295e-01
4.629747516596136592e-01
4.647863642137326501e-01
4.649445812344087936e-01
4.651391173574527249e-01
4.694487722804059349e-01
4.698611477450421181e-01
4.702594845527137690e-01
4.709542446613322331e-01
4.721197517398111887e-01
4.740938881134069138e-01
4.744728141024192603e-01
4.750406811942838314e-01
4.763226345520552574e-01
4.768710790835153923e-01
4.769096488632467712e-01
4.771856581217231441e-01
4.797091746233355103e-01
4.802276327286239543e-01
4.816931856183540583e-01
4.831289523115389617e-01
4.835441926696222303e-01
4.848142164821843680e-01
4.854805684138521760e-01
4.864826963906381252e-01
4.867148697267095203e-01
4.868969716024171834e-01
4.872337707342241919e-01
4.882015420446080278e-01
4.889212719319129263e-01
4.902784634460143343e-01
4.905737054060373969e-01
4.912868838804361760e-01
4.913171152121258989e-01
4.914412279661407590e-01
4.922543769277910597e-01
4.925494134039490879e-01
4.936952877872583523e-01
4.961738968899389035e-01
4.973220171834329406e-01
4.990033114443499507e-01
4.991699978559127615e-01
4.998765287090288778e-01
5.001612432334833214e-01
5.009196156099809949e-01
5.012978375819682197e-01
5.034387873307453187e-01
5.038912426127121202e-01
5.039280343740724089e-01
5.045654841835398585e-01
5.049848357870069249e-01
5.054905499241487687e-01
5.067333566250663557e-01
5.068142217740684297e-01
5.077447001654182834e-01
5.078911295375063695e-01
5.082555165628642735e-01
5.090436163156731864e-01
5.094757157483209564e-01
5.098267271750464014e-01
5.105215640806131105e-01
5.116731306300519311e-01
5.118441518359435616e-01
5.124715663747464456e-01
5.133217119248452143e-01
5.134045941851277384e-01
5.143992684417060257e-01
5.145598820901386983e-01
5.148151581200155480e-01
5.153088378022326888e-01
5.175261208267231128e-01
5.178549107424622600e-01
5.191006397706910969e-01
5.193669858933461780e-01
5.195014480637889509e-01
5.198534793609823623e-01
5.207118493005360449e-01
5.210245532997359597e-01
5.214188906775116816e-01
5.222968182802167902e-01
5.234376345135945963e-01
5.254138485770221134e-01
5.255621449919809507e-01
5.265727094541858833e-01
5.272535215095683903e-01
5.286857886303317766e-01
5.291142663383300304e-01
5.297618616977658457e-01
5.301979857340618496e-01
5.317903025489554292e-01
5.339327037086598615e-01
5.343692841561200613e-01
5.345987490920527385e-01
5.352572872019388805e-01
5.356686219813557859e-01
5.364834572598995432e-01
5.377716346141983017e-01
5.391887866136724217e-01
5.396811595905497416e-01
5.401193389304933534e-01
5.406909834165318784e-01
5.411081902991600190e-01
5.412182275821362243e-01
5.416636515843564759e-01
5.425424877744424723e-01
5.426816366251850932e-01
5.450024409122945501e-01
5.480314120548390733e-01
5.488006090548696037e-01
5.498295702478626090e-01
5.506808275021068955e-01
5.517954420604606058e-01
5.520641286428407124e-01
5.534781548093198333e-01
5.537028339765321938e-01
5.553954339127956663e-01
5.559116140198154810e-01
5.573884110260360902e-01
5.580811936241413251e-01
5.580894822221790230e-01
5.583999750309918131e-01
5.589028803802582601e-01
5.594270735882045376e-01
5.596376095268648099e-01
5.604074172037396551e-01
5.613976677774902280e-01
5.616619359366560316e-01
5.621223116895374128e-01
5.625052546811918353e-01
5.626233427903173379e-01
5.635368773593164571e-01
5.636929170512334775e-01
5.636967387591145240e-01
5.651302296370481759e-01
5.658343139470503047e-01
5.673806015381949175e-01
5.681834056862815618e-01
5.690045640431760088e-01
5.712062054765362218e-01
5.713851561575552518e-01
5.717456516180859927e-01
5.719728441719411638e-01
5.723599163858390515e-01
5.733306556370169060e-01
5.738321824261392035e-01
5.742720907823439802e-01
5.744652898005461195e-01
5.747574808489962495e-01
5.752853809405564789e-01
5.763298977578626969e-01
5.770434676861151413e-01
5.781236438237541408e-01
5.781970791880713945e-01
5.787520603511555617e-01
5.793111089710352157e-01
5.796972513684903738e-01
5.810173238262453799e-01
5.810638971014241427e-01
5.811016106002002690e-01
5.814324591199077075e-01
5.817475102970917078e-01
5.822355449775602487e-01
5.842140940994782206e-01
5.849556345181835537e-01
5.852322809062748821e-01
5.854066066026644144e-01
5.856180584460140004e-01
5.864868535923243309e-01
5.866084026850277855e-01
5.866453276611522938e-01
5.866948423296953763e-01
5.868698041328360704e-01
5.871826513258446845e-01
5.880332370498712047e-01
5.891705641340199140e-01
5.894687965928209206e-01
5.904742777664370168e-01
5.908299493530246860e-01
5.911067550858964958e-01
5.918337345850714915e-01
5.924281236871706824e-01
5.932060166457659989e-01
5.932517142848277025e-01
5.940643195942783006e-01
5.945592346537613704e-01
5.954499061090889889e-01
5.955528983835087775e-01
5.956538892446775479e-01
5.958524496386765623e-01
5.960685628612071296e-01
5.961949071401346778e-01
5.966915492097989437e-01
5.972117668519577594e-01
5.976128737261348078e-01
5.982792533982494998e-01
5.994313518830893806e-01
5.997788514554136530e-01
6.011960397414313206e-01
6.015669352841717110e-01
6.029270288730673721e-01
6.031626312304720905e-01
6.044312091369618001e-01
6.045734861599549870e-01
6.048055736288268092e-01
6.055034179017433349e-01
6.059236801099386893e-01
6.063378432538233387e-01
6.063662175465414084e-01
6.065422408308969171e-01
6.065703604674312910e-01
6.068618274241347477e-01
6.070851158991851237e-01
6.073391371429175400e-01
6.091633293716118835e-01
6.091967439415855168e-01
6.094837020937055039e-01
6.106061204700488076e-01
6.108949095295129750e-01
6.110628768234130925e-01
6.114627436063242438e-01
6.119399993519778480e-01
6.143271094153663903e-01
6.144331002605361025e-01
6.147664643586475686e-01
6.150051026081317929e-01
6.152244019204008429e-01
6.154408988904601641e-01
6.170489421553031484e-01
6.174408344340118759e-01
6.181421844964849477e-01
6.188654320138951004e-01
6.193412699474529770e-01
6.195895744838044727e-01
6.196960285741813790e-01
6.199766310583951778e-01
6.201116451119695894e-01
6.201742141672005326e-01
6.204913366460418356e-01
6.205989236857376579e-01
6.208640254636890177e-01
6.220602870270730556e-01
6.221381825538363497e-01
6.223692976664364496e-01
6.224121107521812801e-01
6.224566293537606709e-01
6.230355151593909291e-01
6.239952938829735896e-01
6.249239091217162478e-01
6.254233668029545168e-01
6.255502263105333638e-01
6.269115310320122481e-01
6.272809606089244649e-01
6.281587216494238790e-01
6.287782905861669658e-01
6.290173695560052902e-01
6.291160286240687904e-01
6.294001639800786974e-01
6.301191929906830858e-01
6.309492475232449937e-01
6.321670505256651307e-01
6.326495289196463201e-01
6.349867522421617227e-01
6.352141022791141234e-01
6.352360619750782034e-01
6.353801872767249614e-01
6.360461449172269965e-01
6.362773841253450691e-01
6.369681142838898857e-01
6.369886555662569450e-01
6.373219760959445424e-01
6.378009183662098902e-01
6.378551364592763839e-01
6.391817954567020621e-01
6.397772236033479887e-01
6.405103839893018236e-01
6.407438340890887485e-01
6.411884126745571733e-01
6.414080296214592636e-01
6.423652711785640124e-01
